BUNDLE;IMPORT
"apps/accessibility/accessibility-menu-web/__liferay__/index.js";"../../accessibility-settings-state-web/__liferay__/index.js"
"apps/accessibility/accessibility-menu-web/__liferay__/index.js";"../../cookies-banner-web/__liferay__/index.js"
"apps/accessibility/accessibility-menu-web/__liferay__/index.js";"../../frontend-js-react-web/__liferay__/exports/prop-types.js"
"apps/accessibility/accessibility-menu-web/__liferay__/index.js";"../../frontend-js-react-web/__liferay__/exports/react.js"
"apps/accessibility/accessibility-menu-web/__liferay__/index.js";"../../frontend-js-state-web/__liferay__/react.js"
"apps/accessibility/accessibility-menu-web/__liferay__/index.js";"../../frontend-js-web/__liferay__/index.js"
"apps/accessibility/accessibility-menu-web/__liferay__/index.js";"../../frontend-taglib-clay/__liferay__/exports/@clayui$alert.js"
"apps/accessibility/accessibility-menu-web/__liferay__/index.js";"../../frontend-taglib-clay/__liferay__/exports/@clayui$button.js"
"apps/accessibility/accessibility-menu-web/__liferay__/index.js";"../../frontend-taglib-clay/__liferay__/exports/@clayui$form.js"
"apps/accessibility/accessibility-menu-web/__liferay__/index.js";"../../frontend-taglib-clay/__liferay__/exports/@clayui$modal.js"
"apps/accessibility/accessibility-menu-web/__liferay__/index.js";"import(`@liferay/language/${ Liferay.ThemeDisplay.getLanguageId() }/accessibility-menu-web/all.js`)"
"apps/accessibility/accessibility-settings-state-web/__liferay__/index.js";"../../frontend-js-state-web/__liferay__/index.js"
"apps/account/account-admin-web/__liferay__/index.js";"../../address-web/__liferay__/index.js"
"apps/account/account-admin-web/__liferay__/index.js";"../../frontend-js-components-web/__liferay__/index.js"
"apps/account/account-admin-web/__liferay__/index.js";"../../frontend-js-react-web/__liferay__/exports/react.js"
"apps/account/account-admin-web/__liferay__/index.js";"../../frontend-js-web/__liferay__/index.js"
"apps/account/account-admin-web/__liferay__/index.js";"../../frontend-taglib-clay/__liferay__/exports/@clayui$autocomplete.js"
"apps/account/account-admin-web/__liferay__/index.js";"../../frontend-taglib-clay/__liferay__/exports/@clayui$button.js"
"apps/account/account-admin-web/__liferay__/index.js";"../../frontend-taglib-clay/__liferay__/exports/@clayui$form.js"
"apps/account/account-admin-web/__liferay__/index.js";"../../frontend-taglib-clay/__liferay__/exports/@clayui$icon.js"
"apps/account/account-admin-web/__liferay__/index.js";"../../frontend-taglib-clay/__liferay__/exports/@clayui$layout.js"
"apps/account/account-admin-web/__liferay__/index.js";"../../frontend-taglib-clay/__liferay__/exports/@clayui$multi-select.js"
"apps/account/account-admin-web/__liferay__/index.js";"import(`@liferay/language/${ Liferay.ThemeDisplay.getLanguageId() }/account-admin-web/all.js`)"
"apps/adaptive-media/adaptive-media-web/__liferay__/index.js";"../../frontend-js-components-web/__liferay__/index.js"
"apps/adaptive-media/adaptive-media-web/__liferay__/index.js";"../../frontend-js-react-web/__liferay__/exports/formik.js"
"apps/adaptive-media/adaptive-media-web/__liferay__/index.js";"../../frontend-js-react-web/__liferay__/exports/prop-types.js"
"apps/adaptive-media/adaptive-media-web/__liferay__/index.js";"../../frontend-js-react-web/__liferay__/exports/react.js"
"apps/adaptive-media/adaptive-media-web/__liferay__/index.js";"../../frontend-js-react-web/__liferay__/index.js"
"apps/adaptive-media/adaptive-media-web/__liferay__/index.js";"../../frontend-js-web/__liferay__/index.js"
"apps/adaptive-media/adaptive-media-web/__liferay__/index.js";"../../frontend-taglib-clay/__liferay__/exports/@clayui$alert.js"
"apps/adaptive-media/adaptive-media-web/__liferay__/index.js";"../../frontend-taglib-clay/__liferay__/exports/@clayui$button.js"
"apps/adaptive-media/adaptive-media-web/__liferay__/index.js";"../../frontend-taglib-clay/__liferay__/exports/@clayui$form.js"
"apps/adaptive-media/adaptive-media-web/__liferay__/index.js";"../../frontend-taglib-clay/__liferay__/exports/@clayui$icon.js"
"apps/adaptive-media/adaptive-media-web/__liferay__/index.js";"../../frontend-taglib-clay/__liferay__/exports/@clayui$layout.js"
"apps/adaptive-media/adaptive-media-web/__liferay__/index.js";"../../frontend-taglib-clay/__liferay__/exports/@clayui$progress-bar.js"
"apps/adaptive-media/adaptive-media-web/__liferay__/index.js";"import(`@liferay/language/${ Liferay.ThemeDisplay.getLanguageId() }/adaptive-media-web/all.js`)"
"apps/address/address-web/__liferay__/index.js";"../../frontend-js-react-web/__liferay__/exports/prop-types.js"
"apps/address/address-web/__liferay__/index.js";"../../frontend-js-web/__liferay__/index.js"
"apps/address/address-web/__liferay__/index.js";"import(`@liferay/language/${ Liferay.ThemeDisplay.getLanguageId() }/address-web/all.js`)"
"apps/ai-creator/ai-creator-openai-web/__liferay__/index.js";"../../frontend-js-components-web/__liferay__/index.js"
"apps/ai-creator/ai-creator-openai-web/__liferay__/index.js";"../../frontend-js-react-web/__liferay__/exports/classnames.js"
"apps/ai-creator/ai-creator-openai-web/__liferay__/index.js";"../../frontend-js-react-web/__liferay__/exports/react.js"
"apps/ai-creator/ai-creator-openai-web/__liferay__/index.js";"../../frontend-js-web/__liferay__/index.js"
"apps/ai-creator/ai-creator-openai-web/__liferay__/index.js";"../../frontend-taglib-clay/__liferay__/exports/@clayui$button.js"
"apps/ai-creator/ai-creator-openai-web/__liferay__/index.js";"../../frontend-taglib-clay/__liferay__/exports/@clayui$card.js"
"apps/ai-creator/ai-creator-openai-web/__liferay__/index.js";"../../frontend-taglib-clay/__liferay__/exports/@clayui$form.js"
"apps/ai-creator/ai-creator-openai-web/__liferay__/index.js";"../../frontend-taglib-clay/__liferay__/exports/@clayui$icon.js"
"apps/ai-creator/ai-creator-openai-web/__liferay__/index.js";"../../frontend-taglib-clay/__liferay__/exports/@clayui$layout.js"
"apps/ai-creator/ai-creator-openai-web/__liferay__/index.js";"../../frontend-taglib-clay/__liferay__/exports/@clayui$loading-indicator.js"
"apps/ai-creator/ai-creator-openai-web/__liferay__/index.js";"import(`@liferay/language/${ Liferay.ThemeDisplay.getLanguageId() }/ai-creator-openai-web/all.js`)"
"apps/analytics/analytics-settings-web/__liferay__/index.js";"../../analytics-settings-web/__liferay__/index.js"
"apps/analytics/analytics-settings-web/__liferay__/index.js";"../../frontend-js-react-web/__liferay__/exports/classnames.js"
"apps/analytics/analytics-settings-web/__liferay__/index.js";"../../frontend-js-react-web/__liferay__/exports/react.js"
"apps/analytics/analytics-settings-web/__liferay__/index.js";"../../frontend-js-web/__liferay__/index.js"
"apps/analytics/analytics-settings-web/__liferay__/index.js";"../../frontend-taglib-clay/__liferay__/exports/@clayui$alert.js"
"apps/analytics/analytics-settings-web/__liferay__/index.js";"../../frontend-taglib-clay/__liferay__/exports/@clayui$button.js"
"apps/analytics/analytics-settings-web/__liferay__/index.js";"../../frontend-taglib-clay/__liferay__/exports/@clayui$core.js"
"apps/analytics/analytics-settings-web/__liferay__/index.js";"../../frontend-taglib-clay/__liferay__/exports/@clayui$drop-down.js"
"apps/analytics/analytics-settings-web/__liferay__/index.js";"../../frontend-taglib-clay/__liferay__/exports/@clayui$empty-state.js"
"apps/analytics/analytics-settings-web/__liferay__/index.js";"../../frontend-taglib-clay/__liferay__/exports/@clayui$form.js"
"apps/analytics/analytics-settings-web/__liferay__/index.js";"../../frontend-taglib-clay/__liferay__/exports/@clayui$icon.js"
"apps/analytics/analytics-settings-web/__liferay__/index.js";"../../frontend-taglib-clay/__liferay__/exports/@clayui$label.js"
"apps/analytics/analytics-settings-web/__liferay__/index.js";"../../frontend-taglib-clay/__liferay__/exports/@clayui$layout.js"
"apps/analytics/analytics-settings-web/__liferay__/index.js";"../../frontend-taglib-clay/__liferay__/exports/@clayui$link.js"
"apps/analytics/analytics-settings-web/__liferay__/index.js";"../../frontend-taglib-clay/__liferay__/exports/@clayui$list.js"
"apps/analytics/analytics-settings-web/__liferay__/index.js";"../../frontend-taglib-clay/__liferay__/exports/@clayui$management-toolbar.js"
"apps/analytics/analytics-settings-web/__liferay__/index.js";"../../frontend-taglib-clay/__liferay__/exports/@clayui$modal.js"
"apps/analytics/analytics-settings-web/__liferay__/index.js";"../../frontend-taglib-clay/__liferay__/exports/@clayui$multi-step-nav.js"
"apps/analytics/analytics-settings-web/__liferay__/index.js";"../../frontend-taglib-clay/__liferay__/exports/@clayui$nav.js"
"apps/analytics/analytics-settings-web/__liferay__/index.js";"../../frontend-taglib-clay/__liferay__/exports/@clayui$pagination-bar.js"
"apps/analytics/analytics-settings-web/__liferay__/index.js";"../../frontend-taglib-clay/__liferay__/exports/@clayui$pagination.js"
"apps/analytics/analytics-settings-web/__liferay__/index.js";"../../frontend-taglib-clay/__liferay__/exports/@clayui$panel.js"
"apps/analytics/analytics-settings-web/__liferay__/index.js";"../../frontend-taglib-clay/__liferay__/exports/@clayui$table.js"
"apps/analytics/analytics-settings-web/__liferay__/index.js";"../../frontend-taglib-clay/__liferay__/exports/@clayui$tabs.js"
"apps/analytics/analytics-settings-web/__liferay__/index.js";"../../frontend-taglib-clay/__liferay__/exports/@clayui$tooltip.js"
"apps/analytics/analytics-settings-web/__liferay__/index.js";"import(`@liferay/language/${ Liferay.ThemeDisplay.getLanguageId() }/analytics-settings-web/all.js`)"
"apps/announcements/announcements-web/__liferay__/index.js";"../../frontend-js-components-web/__liferay__/index.js"
"apps/announcements/announcements-web/__liferay__/index.js";"import(`@liferay/language/${ Liferay.ThemeDisplay.getLanguageId() }/announcements-web/all.js`)"
"apps/application-list/application-list-taglib/__liferay__/index.js";"../../frontend-js-react-web/__liferay__/exports/react.js"
"apps/application-list/application-list-taglib/__liferay__/index.js";"../../frontend-taglib-clay/__liferay__/exports/@clayui$badge.js"
"apps/application-list/application-list-taglib/__liferay__/index.js";"../../frontend-taglib-clay/__liferay__/exports/@clayui$button.js"
"apps/application-list/application-list-taglib/__liferay__/index.js";"../../frontend-taglib-clay/__liferay__/exports/@clayui$drop-down.js"
"apps/application-list/application-list-taglib/__liferay__/index.js";"import(`@liferay/language/${ Liferay.ThemeDisplay.getLanguageId() }/application-list-taglib/all.js`)"
"apps/asset/asset-categories-admin-web/__liferay__/index.js";"../../asset-taglib/__liferay__/index.js"
"apps/asset/asset-categories-admin-web/__liferay__/index.js";"../../frontend-js-components-web/__liferay__/index.js"
"apps/asset/asset-categories-admin-web/__liferay__/index.js";"../../frontend-js-react-web/__liferay__/exports/prop-types.js"
"apps/asset/asset-categories-admin-web/__liferay__/index.js";"../../frontend-js-react-web/__liferay__/exports/react.js"
"apps/asset/asset-categories-admin-web/__liferay__/index.js";"../../frontend-js-web/__liferay__/index.js"
"apps/asset/asset-categories-admin-web/__liferay__/index.js";"import(`@liferay/language/${ Liferay.ThemeDisplay.getLanguageId() }/asset-categories-admin-web/all.js`)"
"apps/asset/asset-categories-item-selector-web/__liferay__/index.js";"../../frontend-js-react-web/__liferay__/exports/react.js"
"apps/asset/asset-categories-item-selector-web/__liferay__/index.js";"../../frontend-js-web/__liferay__/index.js"
"apps/asset/asset-categories-item-selector-web/__liferay__/index.js";"../../frontend-taglib-clay/__liferay__/exports/@clayui$alert.js"
"apps/asset/asset-categories-item-selector-web/__liferay__/index.js";"../../frontend-taglib-clay/__liferay__/exports/@clayui$button.js"
"apps/asset/asset-categories-item-selector-web/__liferay__/index.js";"../../frontend-taglib-clay/__liferay__/exports/@clayui$core.js"
"apps/asset/asset-categories-item-selector-web/__liferay__/index.js";"../../frontend-taglib-clay/__liferay__/exports/@clayui$empty-state.js"
"apps/asset/asset-categories-item-selector-web/__liferay__/index.js";"../../frontend-taglib-clay/__liferay__/exports/@clayui$form.js"
"apps/asset/asset-categories-item-selector-web/__liferay__/index.js";"../../frontend-taglib-clay/__liferay__/exports/@clayui$icon.js"
"apps/asset/asset-categories-item-selector-web/__liferay__/index.js";"../../frontend-taglib-clay/__liferay__/exports/@clayui$layout.js"
"apps/asset/asset-categories-item-selector-web/__liferay__/index.js";"../../layout-js-components-web/__liferay__/index.js"
"apps/asset/asset-categories-item-selector-web/__liferay__/index.js";"import(`@liferay/language/${ Liferay.ThemeDisplay.getLanguageId() }/asset-categories-item-selector-web/all.js`)"
"apps/asset/asset-list-web/__liferay__/index.js";"../../asset-taglib/__liferay__/index.js"
"apps/asset/asset-list-web/__liferay__/index.js";"../../frontend-js-components-web/__liferay__/index.js"
"apps/asset/asset-list-web/__liferay__/index.js";"../../frontend-js-react-web/__liferay__/exports/classnames.js"
"apps/asset/asset-list-web/__liferay__/index.js";"../../frontend-js-react-web/__liferay__/exports/prop-types.js"
"apps/asset/asset-list-web/__liferay__/index.js";"../../frontend-js-react-web/__liferay__/exports/react-dnd-html5-backend.js"
"apps/asset/asset-list-web/__liferay__/index.js";"../../frontend-js-react-web/__liferay__/exports/react-dnd.js"
"apps/asset/asset-list-web/__liferay__/index.js";"../../frontend-js-react-web/__liferay__/exports/react.js"
"apps/asset/asset-list-web/__liferay__/index.js";"../../frontend-js-web/__liferay__/index.js"
"apps/asset/asset-list-web/__liferay__/index.js";"../../frontend-taglib-clay/__liferay__/exports/@clayui$button.js"
"apps/asset/asset-list-web/__liferay__/index.js";"../../frontend-taglib-clay/__liferay__/exports/@clayui$drop-down.js"
"apps/asset/asset-list-web/__liferay__/index.js";"../../frontend-taglib-clay/__liferay__/exports/@clayui$empty-state.js"
"apps/asset/asset-list-web/__liferay__/index.js";"../../frontend-taglib-clay/__liferay__/exports/@clayui$form.js"
"apps/asset/asset-list-web/__liferay__/index.js";"../../frontend-taglib-clay/__liferay__/exports/@clayui$icon.js"
"apps/asset/asset-list-web/__liferay__/index.js";"../../frontend-taglib-clay/__liferay__/exports/@clayui$link.js"
"apps/asset/asset-list-web/__liferay__/index.js";"../../frontend-taglib-clay/__liferay__/exports/@clayui$list.js"
"apps/asset/asset-list-web/__liferay__/index.js";"../../frontend-taglib-clay/__liferay__/exports/@clayui$tooltip.js"
"apps/asset/asset-list-web/__liferay__/index.js";"import(`@liferay/language/${ Liferay.ThemeDisplay.getLanguageId() }/asset-list-web/all.js`)"
"apps/asset/asset-publisher-web/__liferay__/index.js";"../../asset-taglib/__liferay__/index.js"
"apps/asset/asset-publisher-web/__liferay__/index.js";"../../frontend-js-components-web/__liferay__/index.js"
"apps/asset/asset-publisher-web/__liferay__/index.js";"../../frontend-js-react-web/__liferay__/exports/prop-types.js"
"apps/asset/asset-publisher-web/__liferay__/index.js";"../../frontend-js-react-web/__liferay__/exports/react.js"
"apps/asset/asset-publisher-web/__liferay__/index.js";"../../frontend-js-web/__liferay__/index.js"
"apps/asset/asset-publisher-web/__liferay__/index.js";"../../frontend-taglib-clay/__liferay__/exports/@clayui$button.js"
"apps/asset/asset-publisher-web/__liferay__/index.js";"../../frontend-taglib-clay/__liferay__/exports/@clayui$form.js"
"apps/asset/asset-publisher-web/__liferay__/index.js";"../../frontend-taglib-clay/__liferay__/exports/@clayui$icon.js"
"apps/asset/asset-publisher-web/__liferay__/index.js";"import(`@liferay/language/${ Liferay.ThemeDisplay.getLanguageId() }/asset-publisher-web/all.js`)"
"apps/asset/asset-taglib/__liferay__/index.js";"../../frontend-js-components-web/__liferay__/index.js"
"apps/asset/asset-taglib/__liferay__/index.js";"../../frontend-js-react-web/__liferay__/exports/classnames.js"
"apps/asset/asset-taglib/__liferay__/index.js";"../../frontend-js-react-web/__liferay__/exports/prop-types.js"
"apps/asset/asset-taglib/__liferay__/index.js";"../../frontend-js-react-web/__liferay__/exports/react.js"
"apps/asset/asset-taglib/__liferay__/index.js";"../../frontend-js-react-web/__liferay__/index.js"
"apps/asset/asset-taglib/__liferay__/index.js";"../../frontend-js-web/__liferay__/index.js"
"apps/asset/asset-taglib/__liferay__/index.js";"../../frontend-taglib-clay/__liferay__/exports/@clayui$button.js"
"apps/asset/asset-taglib/__liferay__/index.js";"../../frontend-taglib-clay/__liferay__/exports/@clayui$core.js"
"apps/asset/asset-taglib/__liferay__/index.js";"../../frontend-taglib-clay/__liferay__/exports/@clayui$data-provider.js"
"apps/asset/asset-taglib/__liferay__/index.js";"../../frontend-taglib-clay/__liferay__/exports/@clayui$form.js"
"apps/asset/asset-taglib/__liferay__/index.js";"../../frontend-taglib-clay/__liferay__/exports/@clayui$icon.js"
"apps/asset/asset-taglib/__liferay__/index.js";"../../frontend-taglib-clay/__liferay__/exports/@clayui$link.js"
"apps/asset/asset-taglib/__liferay__/index.js";"../../frontend-taglib-clay/__liferay__/exports/@clayui$multi-select.js"
"apps/asset/asset-taglib/__liferay__/index.js";"../../item-selector-web/__liferay__/index.js"
"apps/asset/asset-taglib/__liferay__/index.js";"import(`@liferay/language/${ Liferay.ThemeDisplay.getLanguageId() }/asset-taglib/all.js`)"
"apps/asset/asset-tags-admin-web/__liferay__/index.js";"../../frontend-js-components-web/__liferay__/index.js"
"apps/asset/asset-tags-admin-web/__liferay__/index.js";"../../frontend-js-web/__liferay__/index.js"
"apps/asset/asset-tags-admin-web/__liferay__/index.js";"import(`@liferay/language/${ Liferay.ThemeDisplay.getLanguageId() }/asset-tags-admin-web/all.js`)"
"apps/batch-planner/batch-planner-web/__liferay__/index.js";"../../frontend-js-components-web/__liferay__/index.js"
"apps/batch-planner/batch-planner-web/__liferay__/index.js";"../../frontend-js-react-web/__liferay__/exports/classnames.js"
"apps/batch-planner/batch-planner-web/__liferay__/index.js";"../../frontend-js-react-web/__liferay__/exports/prop-types.js"
"apps/batch-planner/batch-planner-web/__liferay__/index.js";"../../frontend-js-react-web/__liferay__/exports/react-dom.js"
"apps/batch-planner/batch-planner-web/__liferay__/index.js";"../../frontend-js-react-web/__liferay__/exports/react.js"
"apps/batch-planner/batch-planner-web/__liferay__/index.js";"../../frontend-js-react-web/__liferay__/index.js"
"apps/batch-planner/batch-planner-web/__liferay__/index.js";"../../frontend-js-web/__liferay__/index.js"
"apps/batch-planner/batch-planner-web/__liferay__/index.js";"../../frontend-taglib-clay/__liferay__/exports/@clayui$alert.js"
"apps/batch-planner/batch-planner-web/__liferay__/index.js";"../../frontend-taglib-clay/__liferay__/exports/@clayui$button.js"
"apps/batch-planner/batch-planner-web/__liferay__/index.js";"../../frontend-taglib-clay/__liferay__/exports/@clayui$form.js"
"apps/batch-planner/batch-planner-web/__liferay__/index.js";"../../frontend-taglib-clay/__liferay__/exports/@clayui$icon.js"
"apps/batch-planner/batch-planner-web/__liferay__/index.js";"../../frontend-taglib-clay/__liferay__/exports/@clayui$label.js"
"apps/batch-planner/batch-planner-web/__liferay__/index.js";"../../frontend-taglib-clay/__liferay__/exports/@clayui$layout.js"
"apps/batch-planner/batch-planner-web/__liferay__/index.js";"../../frontend-taglib-clay/__liferay__/exports/@clayui$modal.js"
"apps/batch-planner/batch-planner-web/__liferay__/index.js";"../../frontend-taglib-clay/__liferay__/exports/@clayui$progress-bar.js"
"apps/batch-planner/batch-planner-web/__liferay__/index.js";"../../frontend-taglib-clay/__liferay__/exports/@clayui$table.js"
"apps/batch-planner/batch-planner-web/__liferay__/index.js";"../../frontend-taglib-clay/__liferay__/exports/@clayui$tooltip.js"
"apps/batch-planner/batch-planner-web/__liferay__/index.js";"import(`@liferay/language/${ Liferay.ThemeDisplay.getLanguageId() }/batch-planner-web/all.js`)"
"apps/blogs/blogs-web/__liferay__/index.js";"../../frontend-js-components-web/__liferay__/index.js"
"apps/blogs/blogs-web/__liferay__/index.js";"../../frontend-js-react-web/__liferay__/exports/react.js"
"apps/blogs/blogs-web/__liferay__/index.js";"../../frontend-js-state-web/__liferay__/index.js"
"apps/blogs/blogs-web/__liferay__/index.js";"../../frontend-js-web/__liferay__/index.js"
"apps/blogs/blogs-web/__liferay__/index.js";"../../frontend-taglib-clay/__liferay__/exports/@clayui$form.js"
"apps/blogs/blogs-web/__liferay__/index.js";"../../item-selector-taglib/__liferay__/index.js"
"apps/blogs/blogs-web/__liferay__/index.js";"import(`@liferay/language/${ Liferay.ThemeDisplay.getLanguageId() }/blogs-web/all.js`)"
"apps/bookmarks/bookmarks-web/__liferay__/index.js";"../../frontend-js-components-web/__liferay__/index.js"
"apps/bookmarks/bookmarks-web/__liferay__/index.js";"../../frontend-js-web/__liferay__/index.js"
"apps/bookmarks/bookmarks-web/__liferay__/index.js";"import(`@liferay/language/${ Liferay.ThemeDisplay.getLanguageId() }/bookmarks-web/all.js`)"
"apps/calendar/calendar-web/__liferay__/index.js";"import(`@liferay/language/${ Liferay.ThemeDisplay.getLanguageId() }/calendar-web/all.js`)"
"apps/change-tracking/change-tracking-web/__liferay__/index.js";"../../frontend-js-components-web/__liferay__/index.js"
"apps/change-tracking/change-tracking-web/__liferay__/index.js";"../../frontend-js-react-web/__liferay__/exports/classnames.js"
"apps/change-tracking/change-tracking-web/__liferay__/index.js";"../../frontend-js-react-web/__liferay__/exports/prop-types.js"
"apps/change-tracking/change-tracking-web/__liferay__/index.js";"../../frontend-js-react-web/__liferay__/exports/react.js"
"apps/change-tracking/change-tracking-web/__liferay__/index.js";"../../frontend-js-web/__liferay__/index.js"
"apps/change-tracking/change-tracking-web/__liferay__/index.js";"../../frontend-taglib-clay/__liferay__/exports/@clayui$alert.js"
"apps/change-tracking/change-tracking-web/__liferay__/index.js";"../../frontend-taglib-clay/__liferay__/exports/@clayui$button.js"
"apps/change-tracking/change-tracking-web/__liferay__/index.js";"../../frontend-taglib-clay/__liferay__/exports/@clayui$core.js"
"apps/change-tracking/change-tracking-web/__liferay__/index.js";"../../frontend-taglib-clay/__liferay__/exports/@clayui$data-provider.js"
"apps/change-tracking/change-tracking-web/__liferay__/index.js";"../../frontend-taglib-clay/__liferay__/exports/@clayui$date-picker.js"
"apps/change-tracking/change-tracking-web/__liferay__/index.js";"../../frontend-taglib-clay/__liferay__/exports/@clayui$drop-down.js"
"apps/change-tracking/change-tracking-web/__liferay__/index.js";"../../frontend-taglib-clay/__liferay__/exports/@clayui$empty-state.js"
"apps/change-tracking/change-tracking-web/__liferay__/index.js";"../../frontend-taglib-clay/__liferay__/exports/@clayui$form.js"
"apps/change-tracking/change-tracking-web/__liferay__/index.js";"../../frontend-taglib-clay/__liferay__/exports/@clayui$icon.js"
"apps/change-tracking/change-tracking-web/__liferay__/index.js";"../../frontend-taglib-clay/__liferay__/exports/@clayui$label.js"
"apps/change-tracking/change-tracking-web/__liferay__/index.js";"../../frontend-taglib-clay/__liferay__/exports/@clayui$layout.js"
"apps/change-tracking/change-tracking-web/__liferay__/index.js";"../../frontend-taglib-clay/__liferay__/exports/@clayui$link.js"
"apps/change-tracking/change-tracking-web/__liferay__/index.js";"../../frontend-taglib-clay/__liferay__/exports/@clayui$list.js"
"apps/change-tracking/change-tracking-web/__liferay__/index.js";"../../frontend-taglib-clay/__liferay__/exports/@clayui$loading-indicator.js"
"apps/change-tracking/change-tracking-web/__liferay__/index.js";"../../frontend-taglib-clay/__liferay__/exports/@clayui$modal.js"
"apps/change-tracking/change-tracking-web/__liferay__/index.js";"../../frontend-taglib-clay/__liferay__/exports/@clayui$multi-select.js"
"apps/change-tracking/change-tracking-web/__liferay__/index.js";"../../frontend-taglib-clay/__liferay__/exports/@clayui$navigation-bar.js"
"apps/change-tracking/change-tracking-web/__liferay__/index.js";"../../frontend-taglib-clay/__liferay__/exports/@clayui$pagination-bar.js"
"apps/change-tracking/change-tracking-web/__liferay__/index.js";"../../frontend-taglib-clay/__liferay__/exports/@clayui$panel.js"
"apps/change-tracking/change-tracking-web/__liferay__/index.js";"../../frontend-taglib-clay/__liferay__/exports/@clayui$popover.js"
"apps/change-tracking/change-tracking-web/__liferay__/index.js";"../../frontend-taglib-clay/__liferay__/exports/@clayui$progress-bar.js"
"apps/change-tracking/change-tracking-web/__liferay__/index.js";"../../frontend-taglib-clay/__liferay__/exports/@clayui$sticker.js"
"apps/change-tracking/change-tracking-web/__liferay__/index.js";"../../frontend-taglib-clay/__liferay__/exports/@clayui$table.js"
"apps/change-tracking/change-tracking-web/__liferay__/index.js";"../../frontend-taglib-clay/__liferay__/exports/@clayui$tabs.js"
"apps/change-tracking/change-tracking-web/__liferay__/index.js";"../../frontend-taglib-clay/__liferay__/exports/@clayui$toolbar.js"
"apps/change-tracking/change-tracking-web/__liferay__/index.js";"../../frontend-taglib-clay/__liferay__/exports/@clayui$tooltip.js"
"apps/change-tracking/change-tracking-web/__liferay__/index.js";"import(`@liferay/language/${ Liferay.ThemeDisplay.getLanguageId() }/change-tracking-web/all.js`)"
"apps/client-extension/client-extension-web/__liferay__/index.js";"../../frontend-js-components-web/__liferay__/index.js"
"apps/client-extension/client-extension-web/__liferay__/index.js";"../../frontend-js-dependencies-web/__liferay__/exports/uuid.js"
"apps/client-extension/client-extension-web/__liferay__/index.js";"../../frontend-js-react-web/__liferay__/exports/classnames.js"
"apps/client-extension/client-extension-web/__liferay__/index.js";"../../frontend-js-react-web/__liferay__/exports/react.js"
"apps/client-extension/client-extension-web/__liferay__/index.js";"../../frontend-js-web/__liferay__/index.js"
"apps/client-extension/client-extension-web/__liferay__/index.js";"../../frontend-taglib-clay/__liferay__/exports/@clayui$alert.js"
"apps/client-extension/client-extension-web/__liferay__/index.js";"../../frontend-taglib-clay/__liferay__/exports/@clayui$button.js"
"apps/client-extension/client-extension-web/__liferay__/index.js";"../../frontend-taglib-clay/__liferay__/exports/@clayui$core.js"
"apps/client-extension/client-extension-web/__liferay__/index.js";"../../frontend-taglib-clay/__liferay__/exports/@clayui$form.js"
"apps/client-extension/client-extension-web/__liferay__/index.js";"../../frontend-taglib-clay/__liferay__/exports/@clayui$modal.js"
"apps/client-extension/client-extension-web/__liferay__/index.js";"import(`@liferay/language/${ Liferay.ThemeDisplay.getLanguageId() }/client-extension-web/all.js`)"
"apps/comment/comment-taglib/__liferay__/index.js";"../../frontend-js-components-web/__liferay__/index.js"
"apps/comment/comment-taglib/__liferay__/index.js";"../../frontend-js-react-web/__liferay__/exports/classnames.js"
"apps/comment/comment-taglib/__liferay__/index.js";"../../frontend-js-react-web/__liferay__/exports/prop-types.js"
"apps/comment/comment-taglib/__liferay__/index.js";"../../frontend-js-react-web/__liferay__/exports/react.js"
"apps/comment/comment-taglib/__liferay__/index.js";"../../frontend-js-web/__liferay__/index.js"
"apps/comment/comment-taglib/__liferay__/index.js";"../../frontend-taglib-clay/__liferay__/exports/@clayui$icon.js"
"apps/comment/comment-taglib/__liferay__/index.js";"../../frontend-taglib-clay/__liferay__/exports/@clayui$layout.js"
"apps/comment/comment-taglib/__liferay__/index.js";"../../frontend-taglib-clay/__liferay__/exports/@clayui$popover.js"
"apps/comment/comment-taglib/__liferay__/index.js";"../../frontend-taglib-clay/__liferay__/exports/@clayui$sticker.js"
"apps/comment/comment-taglib/__liferay__/index.js";"import(`@liferay/language/${ Liferay.ThemeDisplay.getLanguageId() }/comment-taglib/all.js`)"
"apps/commerce/commerce-account-web/__liferay__/index.js";"../../commerce-frontend-js/__liferay__/index.js"
"apps/commerce/commerce-account-web/__liferay__/index.js";"../../frontend-js-components-web/__liferay__/index.js"
"apps/commerce/commerce-account-web/__liferay__/index.js";"../../frontend-js-web/__liferay__/index.js"
"apps/commerce/commerce-account-web/__liferay__/index.js";"import(`@liferay/language/${ Liferay.ThemeDisplay.getLanguageId() }/commerce-account-web/all.js`)"
"apps/commerce/commerce-availability-estimate-web/__liferay__/index.js";"../../frontend-js-components-web/__liferay__/index.js"
"apps/commerce/commerce-availability-estimate-web/__liferay__/index.js";"import(`@liferay/language/${ Liferay.ThemeDisplay.getLanguageId() }/commerce-availability-estimate-web/all.js`)"
"apps/commerce/commerce-cart-content-web/__liferay__/index.js";"../../frontend-js-web/__liferay__/index.js"
"apps/commerce/commerce-cart-content-web/__liferay__/index.js";"import(`@liferay/language/${ Liferay.ThemeDisplay.getLanguageId() }/commerce-cart-content-web/all.js`)"
"apps/commerce/commerce-catalog-web/__liferay__/index.js";"../../commerce-frontend-js/__liferay__/index.js"
"apps/commerce/commerce-catalog-web/__liferay__/index.js";"../../frontend-js-web/__liferay__/index.js"
"apps/commerce/commerce-catalog-web/__liferay__/index.js";"import(`@liferay/language/${ Liferay.ThemeDisplay.getLanguageId() }/commerce-catalog-web/all.js`)"
"apps/commerce/commerce-channel-web/__liferay__/index.js";"../../commerce-frontend-js/__liferay__/index.js"
"apps/commerce/commerce-channel-web/__liferay__/index.js";"../../frontend-js-components-web/__liferay__/index.js"
"apps/commerce/commerce-channel-web/__liferay__/index.js";"../../frontend-js-react-web/__liferay__/exports/react.js"
"apps/commerce/commerce-channel-web/__liferay__/index.js";"../../frontend-js-web/__liferay__/index.js"
"apps/commerce/commerce-channel-web/__liferay__/index.js";"../../frontend-taglib-clay/__liferay__/exports/@clayui$button.js"
"apps/commerce/commerce-channel-web/__liferay__/index.js";"../../frontend-taglib-clay/__liferay__/exports/@clayui$icon.js"
"apps/commerce/commerce-channel-web/__liferay__/index.js";"../../marketplace-js-components-web/__liferay__/index.js"
"apps/commerce/commerce-channel-web/__liferay__/index.js";"import(`@liferay/language/${ Liferay.ThemeDisplay.getLanguageId() }/commerce-channel-web/all.js`)"
"apps/commerce/commerce-checkout-web/__liferay__/index.js";"../../commerce-frontend-js/__liferay__/index.js"
"apps/commerce/commerce-checkout-web/__liferay__/index.js";"../../frontend-js-components-web/__liferay__/index.js"
"apps/commerce/commerce-checkout-web/__liferay__/index.js";"../../frontend-js-react-web/__liferay__/exports/classnames.js"
"apps/commerce/commerce-checkout-web/__liferay__/index.js";"../../frontend-js-react-web/__liferay__/exports/react.js"
"apps/commerce/commerce-checkout-web/__liferay__/index.js";"../../frontend-js-web/__liferay__/index.js"
"apps/commerce/commerce-checkout-web/__liferay__/index.js";"../../frontend-taglib-clay/__liferay__/exports/@clayui$autocomplete.js"
"apps/commerce/commerce-checkout-web/__liferay__/index.js";"../../frontend-taglib-clay/__liferay__/exports/@clayui$button.js"
"apps/commerce/commerce-checkout-web/__liferay__/index.js";"../../frontend-taglib-clay/__liferay__/exports/@clayui$form.js"
"apps/commerce/commerce-checkout-web/__liferay__/index.js";"../../frontend-taglib-clay/__liferay__/exports/@clayui$icon.js"
"apps/commerce/commerce-checkout-web/__liferay__/index.js";"../../frontend-taglib-clay/__liferay__/exports/@clayui$modal.js"
"apps/commerce/commerce-checkout-web/__liferay__/index.js";"import(`@liferay/language/${ Liferay.ThemeDisplay.getLanguageId() }/commerce-checkout-web/all.js`)"
"apps/commerce/commerce-client-extension-web/__liferay__/index.js";"../../frontend-js-web/__liferay__/index.js"
"apps/commerce/commerce-frontend-js/__liferay__/index.js";"../../commerce-frontend-js/__liferay__/index.js"
"apps/commerce/commerce-frontend-js/__liferay__/index.js";"../../cookies-banner-web/__liferay__/index.js"
"apps/commerce/commerce-frontend-js/__liferay__/index.js";"../../frontend-data-set-web/__liferay__/index.js"
"apps/commerce/commerce-frontend-js/__liferay__/index.js";"../../frontend-js-components-web/__liferay__/index.js"
"apps/commerce/commerce-frontend-js/__liferay__/index.js";"../../frontend-js-react-web/__liferay__/exports/classnames.js"
"apps/commerce/commerce-frontend-js/__liferay__/index.js";"../../frontend-js-react-web/__liferay__/exports/prop-types.js"
"apps/commerce/commerce-frontend-js/__liferay__/index.js";"../../frontend-js-react-web/__liferay__/exports/react.js"
"apps/commerce/commerce-frontend-js/__liferay__/index.js";"../../frontend-js-react-web/__liferay__/index.js"
"apps/commerce/commerce-frontend-js/__liferay__/index.js";"../../frontend-js-state-web/__liferay__/index.js"
"apps/commerce/commerce-frontend-js/__liferay__/index.js";"../../frontend-js-state-web/__liferay__/react.js"
"apps/commerce/commerce-frontend-js/__liferay__/index.js";"../../frontend-js-web/__liferay__/index.js"
"apps/commerce/commerce-frontend-js/__liferay__/index.js";"../../frontend-taglib-clay/__liferay__/exports/@clayui$alert.js"
"apps/commerce/commerce-frontend-js/__liferay__/index.js";"../../frontend-taglib-clay/__liferay__/exports/@clayui$autocomplete.js"
"apps/commerce/commerce-frontend-js/__liferay__/index.js";"../../frontend-taglib-clay/__liferay__/exports/@clayui$button.js"
"apps/commerce/commerce-frontend-js/__liferay__/index.js";"../../frontend-taglib-clay/__liferay__/exports/@clayui$core.js"
"apps/commerce/commerce-frontend-js/__liferay__/index.js";"../../frontend-taglib-clay/__liferay__/exports/@clayui$data-provider.js"
"apps/commerce/commerce-frontend-js/__liferay__/index.js";"../../frontend-taglib-clay/__liferay__/exports/@clayui$drop-down.js"
"apps/commerce/commerce-frontend-js/__liferay__/index.js";"../../frontend-taglib-clay/__liferay__/exports/@clayui$empty-state.js"
"apps/commerce/commerce-frontend-js/__liferay__/index.js";"../../frontend-taglib-clay/__liferay__/exports/@clayui$form.js"
"apps/commerce/commerce-frontend-js/__liferay__/index.js";"../../frontend-taglib-clay/__liferay__/exports/@clayui$icon.js"
"apps/commerce/commerce-frontend-js/__liferay__/index.js";"../../frontend-taglib-clay/__liferay__/exports/@clayui$label.js"
"apps/commerce/commerce-frontend-js/__liferay__/index.js";"../../frontend-taglib-clay/__liferay__/exports/@clayui$layout.js"
"apps/commerce/commerce-frontend-js/__liferay__/index.js";"../../frontend-taglib-clay/__liferay__/exports/@clayui$link.js"
"apps/commerce/commerce-frontend-js/__liferay__/index.js";"../../frontend-taglib-clay/__liferay__/exports/@clayui$list.js"
"apps/commerce/commerce-frontend-js/__liferay__/index.js";"../../frontend-taglib-clay/__liferay__/exports/@clayui$loading-indicator.js"
"apps/commerce/commerce-frontend-js/__liferay__/index.js";"../../frontend-taglib-clay/__liferay__/exports/@clayui$management-toolbar.js"
"apps/commerce/commerce-frontend-js/__liferay__/index.js";"../../frontend-taglib-clay/__liferay__/exports/@clayui$modal.js"
"apps/commerce/commerce-frontend-js/__liferay__/index.js";"../../frontend-taglib-clay/__liferay__/exports/@clayui$multi-select.js"
"apps/commerce/commerce-frontend-js/__liferay__/index.js";"../../frontend-taglib-clay/__liferay__/exports/@clayui$pagination-bar.js"
"apps/commerce/commerce-frontend-js/__liferay__/index.js";"../../frontend-taglib-clay/__liferay__/exports/@clayui$panel.js"
"apps/commerce/commerce-frontend-js/__liferay__/index.js";"../../frontend-taglib-clay/__liferay__/exports/@clayui$popover.js"
"apps/commerce/commerce-frontend-js/__liferay__/index.js";"../../frontend-taglib-clay/__liferay__/exports/@clayui$shared.js"
"apps/commerce/commerce-frontend-js/__liferay__/index.js";"../../frontend-taglib-clay/__liferay__/exports/@clayui$sticker.js"
"apps/commerce/commerce-frontend-js/__liferay__/index.js";"../../frontend-taglib-clay/__liferay__/exports/@clayui$table.js"
"apps/commerce/commerce-frontend-js/__liferay__/index.js";"../../frontend-taglib-clay/__liferay__/exports/@clayui$tooltip.js"
"apps/commerce/commerce-frontend-js/__liferay__/index.js";"import(`@liferay/language/${ Liferay.ThemeDisplay.getLanguageId() }/commerce-frontend-js/all.js`)"
"apps/commerce/commerce-frontend-taglib/__liferay__/index.js";"../../commerce-frontend-js/__liferay__/index.js"
"apps/commerce/commerce-frontend-taglib/__liferay__/index.js";"../../frontend-js-components-web/__liferay__/index.js"
"apps/commerce/commerce-frontend-taglib/__liferay__/index.js";"../../frontend-js-react-web/__liferay__/exports/classnames.js"
"apps/commerce/commerce-frontend-taglib/__liferay__/index.js";"../../frontend-js-react-web/__liferay__/exports/react.js"
"apps/commerce/commerce-frontend-taglib/__liferay__/index.js";"../../frontend-js-web/__liferay__/index.js"
"apps/commerce/commerce-frontend-taglib/__liferay__/index.js";"../../frontend-taglib-clay/__liferay__/exports/@clayui$button.js"
"apps/commerce/commerce-frontend-taglib/__liferay__/index.js";"../../frontend-taglib-clay/__liferay__/exports/@clayui$form.js"
"apps/commerce/commerce-frontend-taglib/__liferay__/index.js";"../../frontend-taglib-clay/__liferay__/exports/@clayui$icon.js"
"apps/commerce/commerce-frontend-taglib/__liferay__/index.js";"../../frontend-taglib-clay/__liferay__/exports/@clayui$link.js"
"apps/commerce/commerce-frontend-taglib/__liferay__/index.js";"import(`@liferay/language/${ Liferay.ThemeDisplay.getLanguageId() }/commerce-frontend-taglib/all.js`)"
"apps/commerce/commerce-order-content-web/__liferay__/index.js";"../../commerce-frontend-js/__liferay__/index.js"
"apps/commerce/commerce-order-content-web/__liferay__/index.js";"../../frontend-data-set-web/__liferay__/index.js"
"apps/commerce/commerce-order-content-web/__liferay__/index.js";"../../frontend-js-components-web/__liferay__/index.js"
"apps/commerce/commerce-order-content-web/__liferay__/index.js";"../../frontend-js-react-web/__liferay__/exports/classnames.js"
"apps/commerce/commerce-order-content-web/__liferay__/index.js";"../../frontend-js-react-web/__liferay__/exports/prop-types.js"
"apps/commerce/commerce-order-content-web/__liferay__/index.js";"../../frontend-js-react-web/__liferay__/exports/react.js"
"apps/commerce/commerce-order-content-web/__liferay__/index.js";"../../frontend-js-web/__liferay__/index.js"
"apps/commerce/commerce-order-content-web/__liferay__/index.js";"../../frontend-taglib-clay/__liferay__/exports/@clayui$alert.js"
"apps/commerce/commerce-order-content-web/__liferay__/index.js";"../../frontend-taglib-clay/__liferay__/exports/@clayui$autocomplete.js"
"apps/commerce/commerce-order-content-web/__liferay__/index.js";"../../frontend-taglib-clay/__liferay__/exports/@clayui$button.js"
"apps/commerce/commerce-order-content-web/__liferay__/index.js";"../../frontend-taglib-clay/__liferay__/exports/@clayui$drop-down.js"
"apps/commerce/commerce-order-content-web/__liferay__/index.js";"../../frontend-taglib-clay/__liferay__/exports/@clayui$form.js"
"apps/commerce/commerce-order-content-web/__liferay__/index.js";"../../frontend-taglib-clay/__liferay__/exports/@clayui$icon.js"
"apps/commerce/commerce-order-content-web/__liferay__/index.js";"../../frontend-taglib-clay/__liferay__/exports/@clayui$label.js"
"apps/commerce/commerce-order-content-web/__liferay__/index.js";"../../frontend-taglib-clay/__liferay__/exports/@clayui$link.js"
"apps/commerce/commerce-order-content-web/__liferay__/index.js";"../../frontend-taglib-clay/__liferay__/exports/@clayui$modal.js"
"apps/commerce/commerce-order-content-web/__liferay__/index.js";"../../frontend-taglib-clay/__liferay__/exports/@clayui$multi-step-nav.js"
"apps/commerce/commerce-order-content-web/__liferay__/index.js";"../../frontend-taglib-clay/__liferay__/exports/@clayui$sticker.js"
"apps/commerce/commerce-order-content-web/__liferay__/index.js";"import(`@liferay/language/${ Liferay.ThemeDisplay.getLanguageId() }/commerce-order-content-web/all.js`)"
"apps/commerce/commerce-order-rule-web/__liferay__/index.js";"../../commerce-frontend-js/__liferay__/index.js"
"apps/commerce/commerce-order-rule-web/__liferay__/index.js";"../../frontend-js-web/__liferay__/index.js"
"apps/commerce/commerce-order-rule-web/__liferay__/index.js";"import(`@liferay/language/${ Liferay.ThemeDisplay.getLanguageId() }/commerce-order-rule-web/all.js`)"
"apps/commerce/commerce-order-web/__liferay__/index.js";"../../commerce-frontend-js/__liferay__/index.js"
"apps/commerce/commerce-order-web/__liferay__/index.js";"../../frontend-js-components-web/__liferay__/index.js"
"apps/commerce/commerce-order-web/__liferay__/index.js";"../../frontend-js-react-web/__liferay__/exports/prop-types.js"
"apps/commerce/commerce-order-web/__liferay__/index.js";"../../frontend-js-react-web/__liferay__/exports/react.js"
"apps/commerce/commerce-order-web/__liferay__/index.js";"../../frontend-js-web/__liferay__/index.js"
"apps/commerce/commerce-order-web/__liferay__/index.js";"import(`@liferay/language/${ Liferay.ThemeDisplay.getLanguageId() }/commerce-order-web/all.js`)"
"apps/commerce/commerce-payment-web/__liferay__/index.js";"../../commerce-frontend-js/__liferay__/index.js"
"apps/commerce/commerce-payment-web/__liferay__/index.js";"../../frontend-js-components-web/__liferay__/index.js"
"apps/commerce/commerce-payment-web/__liferay__/index.js";"../../frontend-js-react-web/__liferay__/exports/prop-types.js"
"apps/commerce/commerce-payment-web/__liferay__/index.js";"../../frontend-js-react-web/__liferay__/exports/react.js"
"apps/commerce/commerce-payment-web/__liferay__/index.js";"../../frontend-js-web/__liferay__/index.js"
"apps/commerce/commerce-payment-web/__liferay__/index.js";"import(`@liferay/language/${ Liferay.ThemeDisplay.getLanguageId() }/commerce-payment-web/all.js`)"
"apps/commerce/commerce-pricing-web/__liferay__/index.js";"../../commerce-frontend-js/__liferay__/index.js"
"apps/commerce/commerce-pricing-web/__liferay__/index.js";"../../frontend-js-react-web/__liferay__/exports/prop-types.js"
"apps/commerce/commerce-pricing-web/__liferay__/index.js";"../../frontend-js-react-web/__liferay__/exports/react.js"
"apps/commerce/commerce-pricing-web/__liferay__/index.js";"../../frontend-js-web/__liferay__/index.js"
"apps/commerce/commerce-pricing-web/__liferay__/index.js";"../../frontend-taglib-clay/__liferay__/exports/@clayui$button.js"
"apps/commerce/commerce-pricing-web/__liferay__/index.js";"../../frontend-taglib-clay/__liferay__/exports/@clayui$form.js"
"apps/commerce/commerce-pricing-web/__liferay__/index.js";"../../frontend-taglib-clay/__liferay__/exports/@clayui$icon.js"
"apps/commerce/commerce-pricing-web/__liferay__/index.js";"../../frontend-taglib-clay/__liferay__/exports/@clayui$layout.js"
"apps/commerce/commerce-pricing-web/__liferay__/index.js";"import(`@liferay/language/${ Liferay.ThemeDisplay.getLanguageId() }/commerce-pricing-web/all.js`)"
"apps/commerce/commerce-product-asset-categories-navigation-web/__liferay__/index.js";"../../frontend-js-web/__liferay__/index.js"
"apps/commerce/commerce-product-asset-categories-web/__liferay__/index.js";"../../frontend-icons-web/__liferay__/index.js"
"apps/commerce/commerce-product-asset-categories-web/__liferay__/index.js";"../../frontend-js-components-web/__liferay__/index.js"
"apps/commerce/commerce-product-asset-categories-web/__liferay__/index.js";"import(`@liferay/language/${ Liferay.ThemeDisplay.getLanguageId() }/commerce-product-asset-categories-web/all.js`)"
"apps/commerce/commerce-product-content-search-web/__liferay__/index.js";"../../frontend-js-web/__liferay__/index.js"
"apps/commerce/commerce-product-content-web/__liferay__/index.js";"../../asset-taglib/__liferay__/index.js"
"apps/commerce/commerce-product-content-web/__liferay__/index.js";"../../commerce-frontend-js/__liferay__/index.js"
"apps/commerce/commerce-product-content-web/__liferay__/index.js";"../../frontend-js-react-web/__liferay__/exports/prop-types.js"
"apps/commerce/commerce-product-content-web/__liferay__/index.js";"../../frontend-js-react-web/__liferay__/exports/react.js"
"apps/commerce/commerce-product-content-web/__liferay__/index.js";"../../frontend-js-web/__liferay__/index.js"
"apps/commerce/commerce-product-content-web/__liferay__/index.js";"../../frontend-taglib-clay/__liferay__/exports/@clayui$button.js"
"apps/commerce/commerce-product-content-web/__liferay__/index.js";"../../frontend-taglib-clay/__liferay__/exports/@clayui$form.js"
"apps/commerce/commerce-product-content-web/__liferay__/index.js";"../../frontend-taglib-clay/__liferay__/exports/@clayui$tabs.js"
"apps/commerce/commerce-product-content-web/__liferay__/index.js";"import(`@liferay/language/${ Liferay.ThemeDisplay.getLanguageId() }/commerce-product-content-web/all.js`)"
"apps/commerce/commerce-product-definitions-web/__liferay__/index.js";"../../commerce-frontend-js/__liferay__/index.js"
"apps/commerce/commerce-product-definitions-web/__liferay__/index.js";"../../frontend-data-set-web/__liferay__/index.js"
"apps/commerce/commerce-product-definitions-web/__liferay__/index.js";"../../frontend-js-components-web/__liferay__/index.js"
"apps/commerce/commerce-product-definitions-web/__liferay__/index.js";"../../frontend-js-react-web/__liferay__/exports/react.js"
"apps/commerce/commerce-product-definitions-web/__liferay__/index.js";"../../frontend-js-web/__liferay__/index.js"
"apps/commerce/commerce-product-definitions-web/__liferay__/index.js";"../../frontend-taglib-clay/__liferay__/exports/@clayui$autocomplete.js"
"apps/commerce/commerce-product-definitions-web/__liferay__/index.js";"../../frontend-taglib-clay/__liferay__/exports/@clayui$form.js"
"apps/commerce/commerce-product-definitions-web/__liferay__/index.js";"../../frontend-taglib-clay/__liferay__/exports/@clayui$icon.js"
"apps/commerce/commerce-product-definitions-web/__liferay__/index.js";"import(`@liferay/language/${ Liferay.ThemeDisplay.getLanguageId() }/commerce-product-definitions-web/all.js`)"
"apps/commerce/commerce-product-measurement-unit-web/__liferay__/index.js";"../../commerce-frontend-js/__liferay__/index.js"
"apps/commerce/commerce-product-measurement-unit-web/__liferay__/index.js";"../../frontend-js-components-web/__liferay__/index.js"
"apps/commerce/commerce-product-measurement-unit-web/__liferay__/index.js";"../../frontend-js-web/__liferay__/index.js"
"apps/commerce/commerce-product-measurement-unit-web/__liferay__/index.js";"import(`@liferay/language/${ Liferay.ThemeDisplay.getLanguageId() }/commerce-product-measurement-unit-web/all.js`)"
"apps/commerce/commerce-product-options-web/__liferay__/index.js";"../../commerce-frontend-js/__liferay__/index.js"
"apps/commerce/commerce-product-options-web/__liferay__/index.js";"../../frontend-js-components-web/__liferay__/index.js"
"apps/commerce/commerce-product-options-web/__liferay__/index.js";"../../frontend-js-react-web/__liferay__/exports/react.js"
"apps/commerce/commerce-product-options-web/__liferay__/index.js";"../../frontend-js-web/__liferay__/index.js"
"apps/commerce/commerce-product-options-web/__liferay__/index.js";"../../frontend-taglib-clay/__liferay__/exports/@clayui$autocomplete.js"
"apps/commerce/commerce-product-options-web/__liferay__/index.js";"../../frontend-taglib-clay/__liferay__/exports/@clayui$form.js"
"apps/commerce/commerce-product-options-web/__liferay__/index.js";"../../frontend-taglib-clay/__liferay__/exports/@clayui$icon.js"
"apps/commerce/commerce-product-options-web/__liferay__/index.js";"import(`@liferay/language/${ Liferay.ThemeDisplay.getLanguageId() }/commerce-product-options-web/all.js`)"
"apps/commerce/commerce-product-tax-category-web/__liferay__/index.js";"../../frontend-js-components-web/__liferay__/index.js"
"apps/commerce/commerce-product-tax-category-web/__liferay__/index.js";"import(`@liferay/language/${ Liferay.ThemeDisplay.getLanguageId() }/commerce-product-tax-category-web/all.js`)"
"apps/commerce/commerce-product-type-grouped-web/__liferay__/index.js";"../../frontend-js-components-web/__liferay__/index.js"
"apps/commerce/commerce-product-type-grouped-web/__liferay__/index.js";"import(`@liferay/language/${ Liferay.ThemeDisplay.getLanguageId() }/commerce-product-type-grouped-web/all.js`)"
"apps/commerce/commerce-product-type-virtual-order-content-web/__liferay__/index.js";"../../frontend-js-components-web/__liferay__/index.js"
"apps/commerce/commerce-product-type-virtual-order-content-web/__liferay__/index.js";"import(`@liferay/language/${ Liferay.ThemeDisplay.getLanguageId() }/commerce-product-type-virtual-order-content-web/all.js`)"
"apps/commerce/commerce-shipping-engine-fixed-web/__liferay__/index.js";"../../commerce-frontend-js/__liferay__/index.js"
"apps/commerce/commerce-shipping-engine-fixed-web/__liferay__/index.js";"../../frontend-js-components-web/__liferay__/index.js"
"apps/commerce/commerce-shipping-engine-fixed-web/__liferay__/index.js";"../../frontend-js-web/__liferay__/index.js"
"apps/commerce/commerce-shipping-engine-fixed-web/__liferay__/index.js";"import(`@liferay/language/${ Liferay.ThemeDisplay.getLanguageId() }/commerce-shipping-engine-fixed-web/all.js`)"
"apps/commerce/commerce-taglib/__liferay__/index.js";"../../commerce-frontend-js/__liferay__/index.js"
"apps/commerce/commerce-term-web/__liferay__/index.js";"../../commerce-frontend-js/__liferay__/index.js"
"apps/commerce/commerce-term-web/__liferay__/index.js";"../../frontend-js-components-web/__liferay__/index.js"
"apps/commerce/commerce-term-web/__liferay__/index.js";"../../frontend-js-web/__liferay__/index.js"
"apps/commerce/commerce-term-web/__liferay__/index.js";"import(`@liferay/language/${ Liferay.ThemeDisplay.getLanguageId() }/commerce-term-web/all.js`)"
"apps/commerce/commerce-warehouse-web/__liferay__/index.js";"../../commerce-frontend-js/__liferay__/index.js"
"apps/commerce/commerce-warehouse-web/__liferay__/index.js";"../../frontend-js-components-web/__liferay__/index.js"
"apps/commerce/commerce-warehouse-web/__liferay__/index.js";"../../frontend-js-web/__liferay__/index.js"
"apps/commerce/commerce-warehouse-web/__liferay__/index.js";"import(`@liferay/language/${ Liferay.ThemeDisplay.getLanguageId() }/commerce-warehouse-web/all.js`)"
"apps/configuration-admin/configuration-admin-web/__liferay__/index.js";"../../frontend-js-components-web/__liferay__/index.js"
"apps/content-dashboard/content-dashboard-document-library-impl/__liferay__/index.js";"../../content-dashboard-web/__liferay__/index.js"
"apps/content-dashboard/content-dashboard-document-library-impl/__liferay__/index.js";"../../frontend-js-react-web/__liferay__/exports/react.js"
"apps/content-dashboard/content-dashboard-web/__liferay__/index.js";"../../analytics-reports-js-components-web/__liferay__/index.js"
"apps/content-dashboard/content-dashboard-web/__liferay__/index.js";"../../frontend-js-components-web/__liferay__/index.js"
"apps/content-dashboard/content-dashboard-web/__liferay__/index.js";"../../frontend-js-react-web/__liferay__/exports/classnames.js"
"apps/content-dashboard/content-dashboard-web/__liferay__/index.js";"../../frontend-js-react-web/__liferay__/exports/prop-types.js"
"apps/content-dashboard/content-dashboard-web/__liferay__/index.js";"../../frontend-js-react-web/__liferay__/exports/react.js"
"apps/content-dashboard/content-dashboard-web/__liferay__/index.js";"../../frontend-js-react-web/__liferay__/index.js"
"apps/content-dashboard/content-dashboard-web/__liferay__/index.js";"../../frontend-js-recharts/__liferay__/exports/recharts.js"
"apps/content-dashboard/content-dashboard-web/__liferay__/index.js";"../../frontend-js-web/__liferay__/index.js"
"apps/content-dashboard/content-dashboard-web/__liferay__/index.js";"../../frontend-taglib-clay/__liferay__/exports/@clayui$alert.js"
"apps/content-dashboard/content-dashboard-web/__liferay__/index.js";"../../frontend-taglib-clay/__liferay__/exports/@clayui$button.js"
"apps/content-dashboard/content-dashboard-web/__liferay__/index.js";"../../frontend-taglib-clay/__liferay__/exports/@clayui$core.js"
"apps/content-dashboard/content-dashboard-web/__liferay__/index.js";"../../frontend-taglib-clay/__liferay__/exports/@clayui$date-picker.js"
"apps/content-dashboard/content-dashboard-web/__liferay__/index.js";"../../frontend-taglib-clay/__liferay__/exports/@clayui$drop-down.js"
"apps/content-dashboard/content-dashboard-web/__liferay__/index.js";"../../frontend-taglib-clay/__liferay__/exports/@clayui$empty-state.js"
"apps/content-dashboard/content-dashboard-web/__liferay__/index.js";"../../frontend-taglib-clay/__liferay__/exports/@clayui$form.js"
"apps/content-dashboard/content-dashboard-web/__liferay__/index.js";"../../frontend-taglib-clay/__liferay__/exports/@clayui$icon.js"
"apps/content-dashboard/content-dashboard-web/__liferay__/index.js";"../../frontend-taglib-clay/__liferay__/exports/@clayui$label.js"
"apps/content-dashboard/content-dashboard-web/__liferay__/index.js";"../../frontend-taglib-clay/__liferay__/exports/@clayui$layout.js"
"apps/content-dashboard/content-dashboard-web/__liferay__/index.js";"../../frontend-taglib-clay/__liferay__/exports/@clayui$link.js"
"apps/content-dashboard/content-dashboard-web/__liferay__/index.js";"../../frontend-taglib-clay/__liferay__/exports/@clayui$loading-indicator.js"
"apps/content-dashboard/content-dashboard-web/__liferay__/index.js";"../../frontend-taglib-clay/__liferay__/exports/@clayui$modal.js"
"apps/content-dashboard/content-dashboard-web/__liferay__/index.js";"../../frontend-taglib-clay/__liferay__/exports/@clayui$panel.js"
"apps/content-dashboard/content-dashboard-web/__liferay__/index.js";"../../frontend-taglib-clay/__liferay__/exports/@clayui$popover.js"
"apps/content-dashboard/content-dashboard-web/__liferay__/index.js";"../../frontend-taglib-clay/__liferay__/exports/@clayui$sticker.js"
"apps/content-dashboard/content-dashboard-web/__liferay__/index.js";"../../frontend-taglib-clay/__liferay__/exports/@clayui$tabs.js"
"apps/content-dashboard/content-dashboard-web/__liferay__/index.js";"../../frontend-taglib-clay/__liferay__/exports/@clayui$tooltip.js"
"apps/content-dashboard/content-dashboard-web/__liferay__/index.js";"import(`@liferay/language/${ Liferay.ThemeDisplay.getLanguageId() }/content-dashboard-web/all.js`)"
"apps/cookies/cookies-banner-web/__liferay__/index.js";"../../frontend-js-components-web/__liferay__/index.js"
"apps/cookies/cookies-banner-web/__liferay__/index.js";"../../frontend-js-web/__liferay__/index.js"
"apps/cookies/cookies-banner-web/__liferay__/index.js";"import(`@liferay/language/${ Liferay.ThemeDisplay.getLanguageId() }/cookies-banner-web/all.js`)"
"apps/data-engine/data-engine-js-components-web/__liferay__/index.js";"../../frontend-js-components-web/__liferay__/index.js"
"apps/data-engine/data-engine-js-components-web/__liferay__/index.js";"../../frontend-js-dependencies-web/__liferay__/exports/dom-align.js"
"apps/data-engine/data-engine-js-components-web/__liferay__/index.js";"../../frontend-js-dependencies-web/__liferay__/exports/moment$min$moment-with-locales.js"
"apps/data-engine/data-engine-js-components-web/__liferay__/index.js";"../../frontend-js-react-web/__liferay__/exports/classnames.js"
"apps/data-engine/data-engine-js-components-web/__liferay__/index.js";"../../frontend-js-react-web/__liferay__/exports/react-dnd-html5-backend.js"
"apps/data-engine/data-engine-js-components-web/__liferay__/index.js";"../../frontend-js-react-web/__liferay__/exports/react-dnd.js"
"apps/data-engine/data-engine-js-components-web/__liferay__/index.js";"../../frontend-js-react-web/__liferay__/exports/react.js"
"apps/data-engine/data-engine-js-components-web/__liferay__/index.js";"../../frontend-js-react-web/__liferay__/index.js"
"apps/data-engine/data-engine-js-components-web/__liferay__/index.js";"../../frontend-js-recharts/__liferay__/exports/recharts.js"
"apps/data-engine/data-engine-js-components-web/__liferay__/index.js";"../../frontend-js-web/__liferay__/index.js"
"apps/data-engine/data-engine-js-components-web/__liferay__/index.js";"../../frontend-taglib-clay/__liferay__/exports/@clayui$button.js"
"apps/data-engine/data-engine-js-components-web/__liferay__/index.js";"../../frontend-taglib-clay/__liferay__/exports/@clayui$card.js"
"apps/data-engine/data-engine-js-components-web/__liferay__/index.js";"../../frontend-taglib-clay/__liferay__/exports/@clayui$data-provider.js"
"apps/data-engine/data-engine-js-components-web/__liferay__/index.js";"../../frontend-taglib-clay/__liferay__/exports/@clayui$drop-down.js"
"apps/data-engine/data-engine-js-components-web/__liferay__/index.js";"../../frontend-taglib-clay/__liferay__/exports/@clayui$empty-state.js"
"apps/data-engine/data-engine-js-components-web/__liferay__/index.js";"../../frontend-taglib-clay/__liferay__/exports/@clayui$icon.js"
"apps/data-engine/data-engine-js-components-web/__liferay__/index.js";"../../frontend-taglib-clay/__liferay__/exports/@clayui$layout.js"
"apps/data-engine/data-engine-js-components-web/__liferay__/index.js";"../../frontend-taglib-clay/__liferay__/exports/@clayui$loading-indicator.js"
"apps/data-engine/data-engine-js-components-web/__liferay__/index.js";"../../frontend-taglib-clay/__liferay__/exports/@clayui$modal.js"
"apps/data-engine/data-engine-js-components-web/__liferay__/index.js";"../../frontend-taglib-clay/__liferay__/exports/@clayui$nav.js"
"apps/data-engine/data-engine-js-components-web/__liferay__/index.js";"../../frontend-taglib-clay/__liferay__/exports/@clayui$pagination.js"
"apps/data-engine/data-engine-js-components-web/__liferay__/index.js";"../../frontend-taglib-clay/__liferay__/exports/@clayui$table.js"
"apps/data-engine/data-engine-js-components-web/__liferay__/index.js";"../../frontend-taglib-clay/__liferay__/exports/@clayui$tabs.js"
"apps/data-engine/data-engine-js-components-web/__liferay__/index.js";"import(`@liferay/language/${ Liferay.ThemeDisplay.getLanguageId() }/data-engine-js-components-web/all.js`)"
"apps/data-engine/data-engine-taglib/__liferay__/index.js";"../../data-engine-js-components-web/__liferay__/index.js"
"apps/data-engine/data-engine-taglib/__liferay__/index.js";"../../frontend-js-components-web/__liferay__/index.js"
"apps/data-engine/data-engine-taglib/__liferay__/index.js";"../../frontend-js-react-web/__liferay__/exports/classnames.js"
"apps/data-engine/data-engine-taglib/__liferay__/index.js";"../../frontend-js-react-web/__liferay__/exports/react-dnd-html5-backend.js"
"apps/data-engine/data-engine-taglib/__liferay__/index.js";"../../frontend-js-react-web/__liferay__/exports/react-dnd.js"
"apps/data-engine/data-engine-taglib/__liferay__/index.js";"../../frontend-js-react-web/__liferay__/exports/react.js"
"apps/data-engine/data-engine-taglib/__liferay__/index.js";"../../frontend-js-react-web/__liferay__/index.js"
"apps/data-engine/data-engine-taglib/__liferay__/index.js";"../../frontend-js-state-web/__liferay__/index.js"
"apps/data-engine/data-engine-taglib/__liferay__/index.js";"../../frontend-js-web/__liferay__/index.js"
"apps/data-engine/data-engine-taglib/__liferay__/index.js";"../../frontend-taglib-clay/__liferay__/exports/@clayui$alert.js"
"apps/data-engine/data-engine-taglib/__liferay__/index.js";"../../frontend-taglib-clay/__liferay__/exports/@clayui$button.js"
"apps/data-engine/data-engine-taglib/__liferay__/index.js";"../../frontend-taglib-clay/__liferay__/exports/@clayui$data-provider.js"
"apps/data-engine/data-engine-taglib/__liferay__/index.js";"../../frontend-taglib-clay/__liferay__/exports/@clayui$drop-down.js"
"apps/data-engine/data-engine-taglib/__liferay__/index.js";"../../frontend-taglib-clay/__liferay__/exports/@clayui$empty-state.js"
"apps/data-engine/data-engine-taglib/__liferay__/index.js";"../../frontend-taglib-clay/__liferay__/exports/@clayui$form.js"
"apps/data-engine/data-engine-taglib/__liferay__/index.js";"../../frontend-taglib-clay/__liferay__/exports/@clayui$icon.js"
"apps/data-engine/data-engine-taglib/__liferay__/index.js";"../../frontend-taglib-clay/__liferay__/exports/@clayui$label.js"
"apps/data-engine/data-engine-taglib/__liferay__/index.js";"../../frontend-taglib-clay/__liferay__/exports/@clayui$layout.js"
"apps/data-engine/data-engine-taglib/__liferay__/index.js";"../../frontend-taglib-clay/__liferay__/exports/@clayui$loading-indicator.js"
"apps/data-engine/data-engine-taglib/__liferay__/index.js";"../../frontend-taglib-clay/__liferay__/exports/@clayui$modal.js"
"apps/data-engine/data-engine-taglib/__liferay__/index.js";"../../frontend-taglib-clay/__liferay__/exports/@clayui$panel.js"
"apps/data-engine/data-engine-taglib/__liferay__/index.js";"../../frontend-taglib-clay/__liferay__/exports/@clayui$sticker.js"
"apps/data-engine/data-engine-taglib/__liferay__/index.js";"../../frontend-taglib-clay/__liferay__/exports/@clayui$tooltip.js"
"apps/data-engine/data-engine-taglib/__liferay__/index.js";"import(`@liferay/language/${ Liferay.ThemeDisplay.getLanguageId() }/data-engine-taglib/all.js`)"
"apps/depot/depot-web/__liferay__/index.js";"../../frontend-js-components-web/__liferay__/index.js"
"apps/depot/depot-web/__liferay__/index.js";"../../frontend-js-react-web/__liferay__/exports/classnames.js"
"apps/depot/depot-web/__liferay__/index.js";"../../frontend-js-react-web/__liferay__/exports/prop-types.js"
"apps/depot/depot-web/__liferay__/index.js";"../../frontend-js-react-web/__liferay__/exports/react-dnd-html5-backend.js"
"apps/depot/depot-web/__liferay__/index.js";"../../frontend-js-react-web/__liferay__/exports/react-dnd.js"
"apps/depot/depot-web/__liferay__/index.js";"../../frontend-js-react-web/__liferay__/exports/react.js"
"apps/depot/depot-web/__liferay__/index.js";"../../frontend-js-web/__liferay__/index.js"
"apps/depot/depot-web/__liferay__/index.js";"../../frontend-taglib-clay/__liferay__/exports/@clayui$alert.js"
"apps/depot/depot-web/__liferay__/index.js";"../../frontend-taglib-clay/__liferay__/exports/@clayui$button.js"
"apps/depot/depot-web/__liferay__/index.js";"../../frontend-taglib-clay/__liferay__/exports/@clayui$drop-down.js"
"apps/depot/depot-web/__liferay__/index.js";"../../frontend-taglib-clay/__liferay__/exports/@clayui$form.js"
"apps/depot/depot-web/__liferay__/index.js";"../../frontend-taglib-clay/__liferay__/exports/@clayui$icon.js"
"apps/depot/depot-web/__liferay__/index.js";"../../frontend-taglib-clay/__liferay__/exports/@clayui$label.js"
"apps/depot/depot-web/__liferay__/index.js";"../../frontend-taglib-clay/__liferay__/exports/@clayui$layout.js"
"apps/depot/depot-web/__liferay__/index.js";"../../frontend-taglib-clay/__liferay__/exports/@clayui$modal.js"
"apps/depot/depot-web/__liferay__/index.js";"../../frontend-taglib-clay/__liferay__/exports/@clayui$table.js"
"apps/depot/depot-web/__liferay__/index.js";"import(`@liferay/language/${ Liferay.ThemeDisplay.getLanguageId() }/depot-web/all.js`)"
"apps/digital-signature/digital-signature-web/__liferay__/index.js";"../../frontend-js-components-web/__liferay__/index.js"
"apps/digital-signature/digital-signature-web/__liferay__/index.js";"../../frontend-js-dependencies-web/__liferay__/exports/moment$min$moment-with-locales.js"
"apps/digital-signature/digital-signature-web/__liferay__/index.js";"../../frontend-js-dependencies-web/__liferay__/exports/qs.js"
"apps/digital-signature/digital-signature-web/__liferay__/index.js";"../../frontend-js-dependencies-web/__liferay__/exports/react-router-dom.js"
"apps/digital-signature/digital-signature-web/__liferay__/index.js";"../../frontend-js-react-web/__liferay__/exports/classnames.js"
"apps/digital-signature/digital-signature-web/__liferay__/index.js";"../../frontend-js-react-web/__liferay__/exports/formik.js"
"apps/digital-signature/digital-signature-web/__liferay__/index.js";"../../frontend-js-react-web/__liferay__/exports/prop-types.js"
"apps/digital-signature/digital-signature-web/__liferay__/index.js";"../../frontend-js-react-web/__liferay__/exports/react.js"
"apps/digital-signature/digital-signature-web/__liferay__/index.js";"../../frontend-js-react-web/__liferay__/index.js"
"apps/digital-signature/digital-signature-web/__liferay__/index.js";"../../frontend-js-web/__liferay__/index.js"
"apps/digital-signature/digital-signature-web/__liferay__/index.js";"../../frontend-taglib-clay/__liferay__/exports/@clayui$badge.js"
"apps/digital-signature/digital-signature-web/__liferay__/index.js";"../../frontend-taglib-clay/__liferay__/exports/@clayui$button.js"
"apps/digital-signature/digital-signature-web/__liferay__/index.js";"../../frontend-taglib-clay/__liferay__/exports/@clayui$card.js"
"apps/digital-signature/digital-signature-web/__liferay__/index.js";"../../frontend-taglib-clay/__liferay__/exports/@clayui$drop-down.js"
"apps/digital-signature/digital-signature-web/__liferay__/index.js";"../../frontend-taglib-clay/__liferay__/exports/@clayui$empty-state.js"
"apps/digital-signature/digital-signature-web/__liferay__/index.js";"../../frontend-taglib-clay/__liferay__/exports/@clayui$form.js"
"apps/digital-signature/digital-signature-web/__liferay__/index.js";"../../frontend-taglib-clay/__liferay__/exports/@clayui$icon.js"
"apps/digital-signature/digital-signature-web/__liferay__/index.js";"../../frontend-taglib-clay/__liferay__/exports/@clayui$label.js"
"apps/digital-signature/digital-signature-web/__liferay__/index.js";"../../frontend-taglib-clay/__liferay__/exports/@clayui$layout.js"
"apps/digital-signature/digital-signature-web/__liferay__/index.js";"../../frontend-taglib-clay/__liferay__/exports/@clayui$list.js"
"apps/digital-signature/digital-signature-web/__liferay__/index.js";"../../frontend-taglib-clay/__liferay__/exports/@clayui$loading-indicator.js"
"apps/digital-signature/digital-signature-web/__liferay__/index.js";"../../frontend-taglib-clay/__liferay__/exports/@clayui$pagination-bar.js"
"apps/digital-signature/digital-signature-web/__liferay__/index.js";"../../frontend-taglib-clay/__liferay__/exports/@clayui$pagination.js"
"apps/digital-signature/digital-signature-web/__liferay__/index.js";"../../frontend-taglib-clay/__liferay__/exports/@clayui$table.js"
"apps/digital-signature/digital-signature-web/__liferay__/index.js";"import(`@liferay/language/${ Liferay.ThemeDisplay.getLanguageId() }/digital-signature-web/all.js`)"
"apps/dispatch/dispatch-web/__liferay__/index.js";"../../frontend-js-components-web/__liferay__/index.js"
"apps/dispatch/dispatch-web/__liferay__/index.js";"../../frontend-js-web/__liferay__/index.js"
"apps/dispatch/dispatch-web/__liferay__/index.js";"import(`@liferay/language/${ Liferay.ThemeDisplay.getLanguageId() }/dispatch-web/all.js`)"
"apps/document-library/document-library-preview-document/__liferay__/index.js";"../../document-library-preview-css/__liferay__/index.js"
"apps/document-library/document-library-preview-document/__liferay__/index.js";"../../frontend-js-react-web/__liferay__/exports/prop-types.js"
"apps/document-library/document-library-preview-document/__liferay__/index.js";"../../frontend-js-react-web/__liferay__/exports/react.js"
"apps/document-library/document-library-preview-document/__liferay__/index.js";"../../frontend-js-react-web/__liferay__/index.js"
"apps/document-library/document-library-preview-document/__liferay__/index.js";"../../frontend-js-web/__liferay__/index.js"
"apps/document-library/document-library-preview-document/__liferay__/index.js";"../../frontend-taglib-clay/__liferay__/exports/@clayui$button.js"
"apps/document-library/document-library-preview-document/__liferay__/index.js";"../../frontend-taglib-clay/__liferay__/exports/@clayui$icon.js"
"apps/document-library/document-library-preview-document/__liferay__/index.js";"../../frontend-taglib-clay/__liferay__/exports/@clayui$loading-indicator.js"
"apps/document-library/document-library-preview-document/__liferay__/index.js";"import(`@liferay/language/${ Liferay.ThemeDisplay.getLanguageId() }/document-library-preview-document/all.js`)"
"apps/document-library/document-library-preview-image/__liferay__/index.js";"../../document-library-preview-css/__liferay__/index.js"
"apps/document-library/document-library-preview-image/__liferay__/index.js";"../../frontend-js-react-web/__liferay__/exports/prop-types.js"
"apps/document-library/document-library-preview-image/__liferay__/index.js";"../../frontend-js-react-web/__liferay__/exports/react.js"
"apps/document-library/document-library-preview-image/__liferay__/index.js";"../../frontend-js-react-web/__liferay__/index.js"
"apps/document-library/document-library-preview-image/__liferay__/index.js";"../../frontend-js-web/__liferay__/index.js"
"apps/document-library/document-library-preview-image/__liferay__/index.js";"../../frontend-taglib-clay/__liferay__/exports/@clayui$button.js"
"apps/document-library/document-library-preview-image/__liferay__/index.js";"../../frontend-taglib-clay/__liferay__/exports/@clayui$icon.js"
"apps/document-library/document-library-preview-image/__liferay__/index.js";"import(`@liferay/language/${ Liferay.ThemeDisplay.getLanguageId() }/document-library-preview-image/all.js`)"
"apps/document-library/document-library-taglib/__liferay__/index.js";"../../frontend-js-components-web/__liferay__/index.js"
"apps/document-library/document-library-taglib/__liferay__/index.js";"../../frontend-js-web/__liferay__/index.js"
"apps/document-library/document-library-taglib/__liferay__/index.js";"import(`@liferay/language/${ Liferay.ThemeDisplay.getLanguageId() }/document-library-taglib/all.js`)"
"apps/document-library/document-library-video/__liferay__/index.js";"../../frontend-js-react-web/__liferay__/exports/classnames.js"
"apps/document-library/document-library-video/__liferay__/index.js";"../../frontend-js-react-web/__liferay__/exports/prop-types.js"
"apps/document-library/document-library-video/__liferay__/index.js";"../../frontend-js-react-web/__liferay__/exports/react.js"
"apps/document-library/document-library-video/__liferay__/index.js";"../../frontend-js-react-web/__liferay__/index.js"
"apps/document-library/document-library-video/__liferay__/index.js";"../../frontend-js-web/__liferay__/index.js"
"apps/document-library/document-library-video/__liferay__/index.js";"../../frontend-taglib-clay/__liferay__/exports/@clayui$button.js"
"apps/document-library/document-library-video/__liferay__/index.js";"../../frontend-taglib-clay/__liferay__/exports/@clayui$form.js"
"apps/document-library/document-library-video/__liferay__/index.js";"../../frontend-taglib-clay/__liferay__/exports/@clayui$icon.js"
"apps/document-library/document-library-video/__liferay__/index.js";"../../frontend-taglib-clay/__liferay__/exports/@clayui$loading-indicator.js"
"apps/document-library/document-library-video/__liferay__/index.js";"import(`@liferay/language/${ Liferay.ThemeDisplay.getLanguageId() }/document-library-video/all.js`)"
"apps/document-library/document-library-web/__liferay__/index.js";"../../asset-taglib/__liferay__/index.js"
"apps/document-library/document-library-web/__liferay__/index.js";"../../frontend-js-components-web/__liferay__/index.js"
"apps/document-library/document-library-web/__liferay__/index.js";"../../frontend-js-dependencies-web/__liferay__/exports/clipboard.js"
"apps/document-library/document-library-web/__liferay__/index.js";"../../frontend-js-dependencies-web/__liferay__/exports/uuid.js"
"apps/document-library/document-library-web/__liferay__/index.js";"../../frontend-js-react-web/__liferay__/exports/classnames.js"
"apps/document-library/document-library-web/__liferay__/index.js";"../../frontend-js-react-web/__liferay__/exports/prop-types.js"
"apps/document-library/document-library-web/__liferay__/index.js";"../../frontend-js-react-web/__liferay__/exports/react.js"
"apps/document-library/document-library-web/__liferay__/index.js";"../../frontend-js-react-web/__liferay__/index.js"
"apps/document-library/document-library-web/__liferay__/index.js";"../../frontend-js-web/__liferay__/index.js"
"apps/document-library/document-library-web/__liferay__/index.js";"../../frontend-taglib-clay/__liferay__/exports/@clayui$alert.js"
"apps/document-library/document-library-web/__liferay__/index.js";"../../frontend-taglib-clay/__liferay__/exports/@clayui$button.js"
"apps/document-library/document-library-web/__liferay__/index.js";"../../frontend-taglib-clay/__liferay__/exports/@clayui$drop-down.js"
"apps/document-library/document-library-web/__liferay__/index.js";"../../frontend-taglib-clay/__liferay__/exports/@clayui$form.js"
"apps/document-library/document-library-web/__liferay__/index.js";"../../frontend-taglib-clay/__liferay__/exports/@clayui$icon.js"
"apps/document-library/document-library-web/__liferay__/index.js";"../../frontend-taglib-clay/__liferay__/exports/@clayui$layout.js"
"apps/document-library/document-library-web/__liferay__/index.js";"../../frontend-taglib-clay/__liferay__/exports/@clayui$loading-indicator.js"
"apps/document-library/document-library-web/__liferay__/index.js";"../../frontend-taglib-clay/__liferay__/exports/@clayui$modal.js"
"apps/document-library/document-library-web/__liferay__/index.js";"../../item-selector-taglib/__liferay__/index.js"
"apps/document-library/document-library-web/__liferay__/index.js";"import(`@liferay/language/${ Liferay.ThemeDisplay.getLanguageId() }/document-library-web/all.js`)"
"apps/dynamic-data-lists/dynamic-data-lists-web/__liferay__/index.js";"../../frontend-js-components-web/__liferay__/index.js"
"apps/dynamic-data-lists/dynamic-data-lists-web/__liferay__/index.js";"../../frontend-js-web/__liferay__/index.js"
"apps/dynamic-data-lists/dynamic-data-lists-web/__liferay__/index.js";"import(`@liferay/language/${ Liferay.ThemeDisplay.getLanguageId() }/dynamic-data-lists-web/all.js`)"
"apps/dynamic-data-mapping/dynamic-data-mapping-data-provider-web/__liferay__/index.js";"../../frontend-js-components-web/__liferay__/index.js"
"apps/dynamic-data-mapping/dynamic-data-mapping-data-provider-web/__liferay__/index.js";"../../frontend-js-web/__liferay__/index.js"
"apps/dynamic-data-mapping/dynamic-data-mapping-data-provider-web/__liferay__/index.js";"import(`@liferay/language/${ Liferay.ThemeDisplay.getLanguageId() }/dynamic-data-mapping-data-provider-web/all.js`)"
"apps/dynamic-data-mapping/dynamic-data-mapping-form-field-type/__liferay__/api.js";"../../data-engine-js-components-web/__liferay__/index.js"
"apps/dynamic-data-mapping/dynamic-data-mapping-form-field-type/__liferay__/api.js";"../../frontend-js-components-web/__liferay__/index.js"
"apps/dynamic-data-mapping/dynamic-data-mapping-form-field-type/__liferay__/api.js";"../../frontend-js-react-web/__liferay__/exports/classnames.js"
"apps/dynamic-data-mapping/dynamic-data-mapping-form-field-type/__liferay__/api.js";"../../frontend-js-react-web/__liferay__/exports/react.js"
"apps/dynamic-data-mapping/dynamic-data-mapping-form-field-type/__liferay__/api.js";"../../frontend-js-web/__liferay__/index.js"
"apps/dynamic-data-mapping/dynamic-data-mapping-form-field-type/__liferay__/api.js";"../../frontend-taglib-clay/__liferay__/exports/@clayui$button.js"
"apps/dynamic-data-mapping/dynamic-data-mapping-form-field-type/__liferay__/api.js";"../../frontend-taglib-clay/__liferay__/exports/@clayui$form.js"
"apps/dynamic-data-mapping/dynamic-data-mapping-form-field-type/__liferay__/api.js";"../../frontend-taglib-clay/__liferay__/exports/@clayui$icon.js"
"apps/dynamic-data-mapping/dynamic-data-mapping-form-field-type/__liferay__/api.js";"../../frontend-taglib-clay/__liferay__/exports/@clayui$label.js"
"apps/dynamic-data-mapping/dynamic-data-mapping-form-field-type/__liferay__/api.js";"../../frontend-taglib-clay/__liferay__/exports/@clayui$popover.js"
"apps/dynamic-data-mapping/dynamic-data-mapping-form-field-type/__liferay__/api.js";"import(`@liferay/language/${ Liferay.ThemeDisplay.getLanguageId() }/dynamic-data-mapping-form-field-type/all.js`)"
"apps/dynamic-data-mapping/dynamic-data-mapping-form-field-type/__liferay__/index.js";"../../data-engine-js-components-web/__liferay__/index.js"
"apps/dynamic-data-mapping/dynamic-data-mapping-form-field-type/__liferay__/index.js";"../../dynamic-data-mapping-form-field-type/__liferay__/api.js"
"apps/dynamic-data-mapping/dynamic-data-mapping-form-field-type/__liferay__/index.js";"../../dynamic-data-mapping-form-field-type/__liferay__/exports/leaflet$dist$leaflet.css.js"
"apps/dynamic-data-mapping/dynamic-data-mapping-form-field-type/__liferay__/index.js";"../../frontend-editor-ckeditor-web/__liferay__/index.js"
"apps/dynamic-data-mapping/dynamic-data-mapping-form-field-type/__liferay__/index.js";"../../frontend-js-components-web/__liferay__/index.js"
"apps/dynamic-data-mapping/dynamic-data-mapping-form-field-type/__liferay__/index.js";"../../frontend-js-dependencies-web/__liferay__/exports/moment$min$moment-with-locales.js"
"apps/dynamic-data-mapping/dynamic-data-mapping-form-field-type/__liferay__/index.js";"../../frontend-js-dependencies-web/__liferay__/exports/text-mask-addons.js"
"apps/dynamic-data-mapping/dynamic-data-mapping-form-field-type/__liferay__/index.js";"../../frontend-js-dependencies-web/__liferay__/exports/text-mask-core.js"
"apps/dynamic-data-mapping/dynamic-data-mapping-form-field-type/__liferay__/index.js";"../../frontend-js-react-web/__liferay__/exports/classnames.js"
"apps/dynamic-data-mapping/dynamic-data-mapping-form-field-type/__liferay__/index.js";"../../frontend-js-react-web/__liferay__/exports/react-dnd-html5-backend.js"
"apps/dynamic-data-mapping/dynamic-data-mapping-form-field-type/__liferay__/index.js";"../../frontend-js-react-web/__liferay__/exports/react-dnd.js"
"apps/dynamic-data-mapping/dynamic-data-mapping-form-field-type/__liferay__/index.js";"../../frontend-js-react-web/__liferay__/exports/react.js"
"apps/dynamic-data-mapping/dynamic-data-mapping-form-field-type/__liferay__/index.js";"../../frontend-js-react-web/__liferay__/index.js"
"apps/dynamic-data-mapping/dynamic-data-mapping-form-field-type/__liferay__/index.js";"../../frontend-js-web/__liferay__/index.js"
"apps/dynamic-data-mapping/dynamic-data-mapping-form-field-type/__liferay__/index.js";"../../frontend-taglib-clay/__liferay__/exports/@clayui$autocomplete.js"
"apps/dynamic-data-mapping/dynamic-data-mapping-form-field-type/__liferay__/index.js";"../../frontend-taglib-clay/__liferay__/exports/@clayui$button.js"
"apps/dynamic-data-mapping/dynamic-data-mapping-form-field-type/__liferay__/index.js";"../../frontend-taglib-clay/__liferay__/exports/@clayui$card.js"
"apps/dynamic-data-mapping/dynamic-data-mapping-form-field-type/__liferay__/index.js";"../../frontend-taglib-clay/__liferay__/exports/@clayui$color-picker.js"
"apps/dynamic-data-mapping/dynamic-data-mapping-form-field-type/__liferay__/index.js";"../../frontend-taglib-clay/__liferay__/exports/@clayui$core.js"
"apps/dynamic-data-mapping/dynamic-data-mapping-form-field-type/__liferay__/index.js";"../../frontend-taglib-clay/__liferay__/exports/@clayui$data-provider.js"
"apps/dynamic-data-mapping/dynamic-data-mapping-form-field-type/__liferay__/index.js";"../../frontend-taglib-clay/__liferay__/exports/@clayui$date-picker.js"
"apps/dynamic-data-mapping/dynamic-data-mapping-form-field-type/__liferay__/index.js";"../../frontend-taglib-clay/__liferay__/exports/@clayui$drop-down.js"
"apps/dynamic-data-mapping/dynamic-data-mapping-form-field-type/__liferay__/index.js";"../../frontend-taglib-clay/__liferay__/exports/@clayui$form.js"
"apps/dynamic-data-mapping/dynamic-data-mapping-form-field-type/__liferay__/index.js";"../../frontend-taglib-clay/__liferay__/exports/@clayui$icon.js"
"apps/dynamic-data-mapping/dynamic-data-mapping-form-field-type/__liferay__/index.js";"../../frontend-taglib-clay/__liferay__/exports/@clayui$label.js"
"apps/dynamic-data-mapping/dynamic-data-mapping-form-field-type/__liferay__/index.js";"../../frontend-taglib-clay/__liferay__/exports/@clayui$layout.js"
"apps/dynamic-data-mapping/dynamic-data-mapping-form-field-type/__liferay__/index.js";"../../frontend-taglib-clay/__liferay__/exports/@clayui$modal.js"
"apps/dynamic-data-mapping/dynamic-data-mapping-form-field-type/__liferay__/index.js";"../../frontend-taglib-clay/__liferay__/exports/@clayui$multi-select.js"
"apps/dynamic-data-mapping/dynamic-data-mapping-form-field-type/__liferay__/index.js";"../../frontend-taglib-clay/__liferay__/exports/@clayui$panel.js"
"apps/dynamic-data-mapping/dynamic-data-mapping-form-field-type/__liferay__/index.js";"../../frontend-taglib-clay/__liferay__/exports/@clayui$progress-bar.js"
"apps/dynamic-data-mapping/dynamic-data-mapping-form-field-type/__liferay__/index.js";"../../frontend-taglib-clay/__liferay__/exports/@clayui$table.js"
"apps/dynamic-data-mapping/dynamic-data-mapping-form-field-type/__liferay__/index.js";"../../frontend-taglib-clay/__liferay__/exports/@clayui$tooltip.js"
"apps/dynamic-data-mapping/dynamic-data-mapping-form-field-type/__liferay__/index.js";"../../map-google-maps/__liferay__/index.js"
"apps/dynamic-data-mapping/dynamic-data-mapping-form-field-type/__liferay__/index.js";"../../map-openstreetmap/__liferay__/index.js"
"apps/dynamic-data-mapping/dynamic-data-mapping-form-field-type/__liferay__/index.js";"../../object-js-components-web/__liferay__/index.js"
"apps/dynamic-data-mapping/dynamic-data-mapping-form-field-type/__liferay__/index.js";"import(`@liferay/language/${ Liferay.ThemeDisplay.getLanguageId() }/dynamic-data-mapping-form-field-type/all.js`)"
"apps/dynamic-data-mapping/dynamic-data-mapping-form-web/__liferay__/index.js";"../../data-engine-js-components-web/__liferay__/index.js"
"apps/dynamic-data-mapping/dynamic-data-mapping-form-web/__liferay__/index.js";"../../data-engine-taglib/__liferay__/index.js"
"apps/dynamic-data-mapping/dynamic-data-mapping-form-web/__liferay__/index.js";"../../frontend-icons-web/__liferay__/index.js"
"apps/dynamic-data-mapping/dynamic-data-mapping-form-web/__liferay__/index.js";"../../frontend-js-components-web/__liferay__/index.js"
"apps/dynamic-data-mapping/dynamic-data-mapping-form-web/__liferay__/index.js";"../../frontend-js-dependencies-web/__liferay__/exports/clipboard.js"
"apps/dynamic-data-mapping/dynamic-data-mapping-form-web/__liferay__/index.js";"../../frontend-js-dependencies-web/__liferay__/exports/object-hash.js"
"apps/dynamic-data-mapping/dynamic-data-mapping-form-web/__liferay__/index.js";"../../frontend-js-dependencies-web/__liferay__/exports/react-router-dom.js"
"apps/dynamic-data-mapping/dynamic-data-mapping-form-web/__liferay__/index.js";"../../frontend-js-react-web/__liferay__/exports/classnames.js"
"apps/dynamic-data-mapping/dynamic-data-mapping-form-web/__liferay__/index.js";"../../frontend-js-react-web/__liferay__/exports/react-dnd-html5-backend.js"
"apps/dynamic-data-mapping/dynamic-data-mapping-form-web/__liferay__/index.js";"../../frontend-js-react-web/__liferay__/exports/react-dnd.js"
"apps/dynamic-data-mapping/dynamic-data-mapping-form-web/__liferay__/index.js";"../../frontend-js-react-web/__liferay__/exports/react.js"
"apps/dynamic-data-mapping/dynamic-data-mapping-form-web/__liferay__/index.js";"../../frontend-js-react-web/__liferay__/index.js"
"apps/dynamic-data-mapping/dynamic-data-mapping-form-web/__liferay__/index.js";"../../frontend-js-web/__liferay__/index.js"
"apps/dynamic-data-mapping/dynamic-data-mapping-form-web/__liferay__/index.js";"../../frontend-taglib-clay/__liferay__/exports/@clayui$alert.js"
"apps/dynamic-data-mapping/dynamic-data-mapping-form-web/__liferay__/index.js";"../../frontend-taglib-clay/__liferay__/exports/@clayui$button.js"
"apps/dynamic-data-mapping/dynamic-data-mapping-form-web/__liferay__/index.js";"../../frontend-taglib-clay/__liferay__/exports/@clayui$data-provider.js"
"apps/dynamic-data-mapping/dynamic-data-mapping-form-web/__liferay__/index.js";"../../frontend-taglib-clay/__liferay__/exports/@clayui$drop-down.js"
"apps/dynamic-data-mapping/dynamic-data-mapping-form-web/__liferay__/index.js";"../../frontend-taglib-clay/__liferay__/exports/@clayui$empty-state.js"
"apps/dynamic-data-mapping/dynamic-data-mapping-form-web/__liferay__/index.js";"../../frontend-taglib-clay/__liferay__/exports/@clayui$form.js"
"apps/dynamic-data-mapping/dynamic-data-mapping-form-web/__liferay__/index.js";"../../frontend-taglib-clay/__liferay__/exports/@clayui$icon.js"
"apps/dynamic-data-mapping/dynamic-data-mapping-form-web/__liferay__/index.js";"../../frontend-taglib-clay/__liferay__/exports/@clayui$label.js"
"apps/dynamic-data-mapping/dynamic-data-mapping-form-web/__liferay__/index.js";"../../frontend-taglib-clay/__liferay__/exports/@clayui$layout.js"
"apps/dynamic-data-mapping/dynamic-data-mapping-form-web/__liferay__/index.js";"../../frontend-taglib-clay/__liferay__/exports/@clayui$link.js"
"apps/dynamic-data-mapping/dynamic-data-mapping-form-web/__liferay__/index.js";"../../frontend-taglib-clay/__liferay__/exports/@clayui$list.js"
"apps/dynamic-data-mapping/dynamic-data-mapping-form-web/__liferay__/index.js";"../../frontend-taglib-clay/__liferay__/exports/@clayui$loading-indicator.js"
"apps/dynamic-data-mapping/dynamic-data-mapping-form-web/__liferay__/index.js";"../../frontend-taglib-clay/__liferay__/exports/@clayui$modal.js"
"apps/dynamic-data-mapping/dynamic-data-mapping-form-web/__liferay__/index.js";"../../frontend-taglib-clay/__liferay__/exports/@clayui$multi-select.js"
"apps/dynamic-data-mapping/dynamic-data-mapping-form-web/__liferay__/index.js";"../../frontend-taglib-clay/__liferay__/exports/@clayui$navigation-bar.js"
"apps/dynamic-data-mapping/dynamic-data-mapping-form-web/__liferay__/index.js";"../../frontend-taglib-clay/__liferay__/exports/@clayui$panel.js"
"apps/dynamic-data-mapping/dynamic-data-mapping-form-web/__liferay__/index.js";"import(`@liferay/language/${ Liferay.ThemeDisplay.getLanguageId() }/dynamic-data-mapping-form-web/all.js`)"
"apps/dynamic-data-mapping/dynamic-data-mapping-web/__liferay__/index.js";"../../frontend-js-components-web/__liferay__/index.js"
"apps/dynamic-data-mapping/dynamic-data-mapping-web/__liferay__/index.js";"../../frontend-js-web/__liferay__/index.js"
"apps/dynamic-data-mapping/dynamic-data-mapping-web/__liferay__/index.js";"import(`@liferay/language/${ Liferay.ThemeDisplay.getLanguageId() }/dynamic-data-mapping-web/all.js`)"
"apps/expando/expando-taglib/__liferay__/index.js";"../../map-common/__liferay__/index.js"
"apps/expando/expando-web/__liferay__/index.js";"../../frontend-js-web/__liferay__/index.js"
"apps/expando/expando-web/__liferay__/index.js";"../../map-common/__liferay__/index.js"
"apps/export-import/export-import-web/__liferay__/index.js";"../../frontend-js-components-web/__liferay__/index.js"
"apps/export-import/export-import-web/__liferay__/index.js";"../../frontend-js-react-web/__liferay__/exports/react.js"
"apps/export-import/export-import-web/__liferay__/index.js";"../../frontend-js-web/__liferay__/index.js"
"apps/export-import/export-import-web/__liferay__/index.js";"../../frontend-taglib-clay/__liferay__/exports/@clayui$button.js"
"apps/export-import/export-import-web/__liferay__/index.js";"../../frontend-taglib-clay/__liferay__/exports/@clayui$modal.js"
"apps/export-import/export-import-web/__liferay__/index.js";"import(`@liferay/language/${ Liferay.ThemeDisplay.getLanguageId() }/exportimport-web/all.js`)"
"apps/feature-flag/feature-flag-web/__liferay__/index.js";"../../frontend-js-react-web/__liferay__/exports/react.js"
"apps/feature-flag/feature-flag-web/__liferay__/index.js";"../../frontend-js-web/__liferay__/index.js"
"apps/feature-flag/feature-flag-web/__liferay__/index.js";"../../frontend-taglib-clay/__liferay__/exports/@clayui$empty-state.js"
"apps/feature-flag/feature-flag-web/__liferay__/index.js";"../../frontend-taglib-clay/__liferay__/exports/@clayui$form.js"
"apps/feature-flag/feature-flag-web/__liferay__/index.js";"../../frontend-taglib-clay/__liferay__/exports/@clayui$list.js"
"apps/feature-flag/feature-flag-web/__liferay__/index.js";"import(`@liferay/language/${ Liferay.ThemeDisplay.getLanguageId() }/feature-flag-web/all.js`)"
"apps/flags/flags-taglib/__liferay__/index.js";"../../frontend-js-react-web/__liferay__/exports/prop-types.js"
"apps/flags/flags-taglib/__liferay__/index.js";"../../frontend-js-react-web/__liferay__/exports/react.js"
"apps/flags/flags-taglib/__liferay__/index.js";"../../frontend-js-react-web/__liferay__/index.js"
"apps/flags/flags-taglib/__liferay__/index.js";"../../frontend-js-web/__liferay__/index.js"
"apps/flags/flags-taglib/__liferay__/index.js";"../../frontend-taglib-clay/__liferay__/exports/@clayui$alert.js"
"apps/flags/flags-taglib/__liferay__/index.js";"../../frontend-taglib-clay/__liferay__/exports/@clayui$button.js"
"apps/flags/flags-taglib/__liferay__/index.js";"../../frontend-taglib-clay/__liferay__/exports/@clayui$icon.js"
"apps/flags/flags-taglib/__liferay__/index.js";"../../frontend-taglib-clay/__liferay__/exports/@clayui$modal.js"
"apps/flags/flags-taglib/__liferay__/index.js";"import(`@liferay/language/${ Liferay.ThemeDisplay.getLanguageId() }/flags-taglib/all.js`)"
"apps/fragment/fragment-collection-filter-category/__liferay__/index.js";"../../fragment-renderer-collection-filter-impl/__liferay__/index.js"
"apps/fragment/fragment-collection-filter-category/__liferay__/index.js";"../../frontend-js-react-web/__liferay__/exports/prop-types.js"
"apps/fragment/fragment-collection-filter-category/__liferay__/index.js";"../../frontend-js-react-web/__liferay__/exports/react.js"
"apps/fragment/fragment-collection-filter-category/__liferay__/index.js";"../../frontend-js-web/__liferay__/index.js"
"apps/fragment/fragment-collection-filter-category/__liferay__/index.js";"../../frontend-taglib-clay/__liferay__/exports/@clayui$button.js"
"apps/fragment/fragment-collection-filter-category/__liferay__/index.js";"../../frontend-taglib-clay/__liferay__/exports/@clayui$drop-down.js"
"apps/fragment/fragment-collection-filter-category/__liferay__/index.js";"import(`@liferay/language/${ Liferay.ThemeDisplay.getLanguageId() }/fragment-collection-filter-category/all.js`)"
"apps/fragment/fragment-collection-filter-date/__liferay__/index.js";"../../fragment-renderer-collection-filter-impl/__liferay__/index.js"
"apps/fragment/fragment-collection-filter-date/__liferay__/index.js";"../../frontend-js-react-web/__liferay__/exports/react.js"
"apps/fragment/fragment-collection-filter-date/__liferay__/index.js";"../../frontend-taglib-clay/__liferay__/exports/@clayui$date-picker.js"
"apps/fragment/fragment-collection-filter-keyword/__liferay__/index.js";"../../fragment-renderer-collection-filter-impl/__liferay__/index.js"
"apps/fragment/fragment-collection-filter-tags/__liferay__/index.js";"../../asset-taglib/__liferay__/index.js"
"apps/fragment/fragment-collection-filter-tags/__liferay__/index.js";"../../fragment-renderer-collection-filter-impl/__liferay__/index.js"
"apps/fragment/fragment-collection-filter-tags/__liferay__/index.js";"../../frontend-js-react-web/__liferay__/exports/react.js"
"apps/fragment/fragment-impl/__liferay__/api.js";"../../document-library-video/__liferay__/index.js"
"apps/fragment/fragment-impl/__liferay__/api.js";"../../frontend-js-react-web/__liferay__/exports/react.js"
"apps/fragment/fragment-impl/__liferay__/api.js";"../../frontend-js-web/__liferay__/index.js"
"apps/fragment/fragment-impl/__liferay__/api.js";"../../frontend-taglib-clay/__liferay__/exports/@clayui$core.js"
"apps/fragment/fragment-impl/__liferay__/api.js";"import(`@liferay/language/${ Liferay.ThemeDisplay.getLanguageId() }/fragment-impl/all.js`)"
"apps/fragment/fragment-renderer-collection-filter-impl/__liferay__/index.js";"../../frontend-js-web/__liferay__/index.js"
"apps/fragment/fragment-web/__liferay__/index.js";"../../frontend-js-codemirror-web/__liferay__/index.js"
"apps/fragment/fragment-web/__liferay__/index.js";"../../frontend-js-components-web/__liferay__/index.js"
"apps/fragment/fragment-web/__liferay__/index.js";"../../frontend-js-react-web/__liferay__/exports/classnames.js"
"apps/fragment/fragment-web/__liferay__/index.js";"../../frontend-js-react-web/__liferay__/exports/prop-types.js"
"apps/fragment/fragment-web/__liferay__/index.js";"../../frontend-js-react-web/__liferay__/exports/react.js"
"apps/fragment/fragment-web/__liferay__/index.js";"../../frontend-js-react-web/__liferay__/index.js"
"apps/fragment/fragment-web/__liferay__/index.js";"../../frontend-js-web/__liferay__/index.js"
"apps/fragment/fragment-web/__liferay__/index.js";"../../frontend-taglib-clay/__liferay__/exports/@clayui$alert.js"
"apps/fragment/fragment-web/__liferay__/index.js";"../../frontend-taglib-clay/__liferay__/exports/@clayui$button.js"
"apps/fragment/fragment-web/__liferay__/index.js";"../../frontend-taglib-clay/__liferay__/exports/@clayui$card.js"
"apps/fragment/fragment-web/__liferay__/index.js";"../../frontend-taglib-clay/__liferay__/exports/@clayui$form.js"
"apps/fragment/fragment-web/__liferay__/index.js";"../../frontend-taglib-clay/__liferay__/exports/@clayui$icon.js"
"apps/fragment/fragment-web/__liferay__/index.js";"../../frontend-taglib-clay/__liferay__/exports/@clayui$layout.js"
"apps/fragment/fragment-web/__liferay__/index.js";"../../frontend-taglib-clay/__liferay__/exports/@clayui$link.js"
"apps/fragment/fragment-web/__liferay__/index.js";"../../frontend-taglib-clay/__liferay__/exports/@clayui$modal.js"
"apps/fragment/fragment-web/__liferay__/index.js";"../../frontend-taglib-clay/__liferay__/exports/@clayui$table.js"
"apps/fragment/fragment-web/__liferay__/index.js";"../../frontend-taglib-clay/__liferay__/exports/@clayui$tabs.js"
"apps/fragment/fragment-web/__liferay__/index.js";"../../layout-js-components-web/__liferay__/index.js"
"apps/fragment/fragment-web/__liferay__/index.js";"import(`@liferay/language/${ Liferay.ThemeDisplay.getLanguageId() }/fragment-web/all.js`)"
"apps/friendly-url/friendly-url-taglib/__liferay__/index.js";"../../frontend-js-components-web/__liferay__/index.js"
"apps/friendly-url/friendly-url-taglib/__liferay__/index.js";"../../frontend-js-react-web/__liferay__/exports/classnames.js"
"apps/friendly-url/friendly-url-taglib/__liferay__/index.js";"../../frontend-js-react-web/__liferay__/exports/prop-types.js"
"apps/friendly-url/friendly-url-taglib/__liferay__/index.js";"../../frontend-js-react-web/__liferay__/exports/react.js"
"apps/friendly-url/friendly-url-taglib/__liferay__/index.js";"../../frontend-js-react-web/__liferay__/index.js"
"apps/friendly-url/friendly-url-taglib/__liferay__/index.js";"../../frontend-taglib-clay/__liferay__/exports/@clayui$button.js"
"apps/friendly-url/friendly-url-taglib/__liferay__/index.js";"../../frontend-taglib-clay/__liferay__/exports/@clayui$drop-down.js"
"apps/friendly-url/friendly-url-taglib/__liferay__/index.js";"../../frontend-taglib-clay/__liferay__/exports/@clayui$icon.js"
"apps/friendly-url/friendly-url-taglib/__liferay__/index.js";"../../frontend-taglib-clay/__liferay__/exports/@clayui$label.js"
"apps/friendly-url/friendly-url-taglib/__liferay__/index.js";"../../frontend-taglib-clay/__liferay__/exports/@clayui$list.js"
"apps/friendly-url/friendly-url-taglib/__liferay__/index.js";"../../frontend-taglib-clay/__liferay__/exports/@clayui$loading-indicator.js"
"apps/friendly-url/friendly-url-taglib/__liferay__/index.js";"../../frontend-taglib-clay/__liferay__/exports/@clayui$modal.js"
"apps/friendly-url/friendly-url-taglib/__liferay__/index.js";"import(`@liferay/language/${ Liferay.ThemeDisplay.getLanguageId() }/friendly-url-taglib/all.js`)"
"apps/friendly-url/friendly-url-web/__liferay__/index.js";"../../frontend-js-components-web/__liferay__/index.js"
"apps/friendly-url/friendly-url-web/__liferay__/index.js";"../../frontend-js-react-web/__liferay__/exports/classnames.js"
"apps/friendly-url/friendly-url-web/__liferay__/index.js";"../../frontend-js-react-web/__liferay__/exports/react.js"
"apps/friendly-url/friendly-url-web/__liferay__/index.js";"../../frontend-js-web/__liferay__/index.js"
"apps/friendly-url/friendly-url-web/__liferay__/index.js";"../../frontend-taglib-clay/__liferay__/exports/@clayui$button.js"
"apps/friendly-url/friendly-url-web/__liferay__/index.js";"../../frontend-taglib-clay/__liferay__/exports/@clayui$form.js"
"apps/friendly-url/friendly-url-web/__liferay__/index.js";"import(`@liferay/language/${ Liferay.ThemeDisplay.getLanguageId() }/friendly-url-web/all.js`)"
"apps/frontend-data-set/frontend-data-set-admin-web/__liferay__/index.js";"../../frontend-data-set-web/__liferay__/index.js"
"apps/frontend-data-set/frontend-data-set-admin-web/__liferay__/index.js";"../../frontend-js-components-web/__liferay__/index.js"
"apps/frontend-data-set/frontend-data-set-admin-web/__liferay__/index.js";"../../frontend-js-dependencies-web/__liferay__/exports/fuzzy.js"
"apps/frontend-data-set/frontend-data-set-admin-web/__liferay__/index.js";"../../frontend-js-react-web/__liferay__/exports/classnames.js"
"apps/frontend-data-set/frontend-data-set-admin-web/__liferay__/index.js";"../../frontend-js-react-web/__liferay__/exports/react-dnd-html5-backend.js"
"apps/frontend-data-set/frontend-data-set-admin-web/__liferay__/index.js";"../../frontend-js-react-web/__liferay__/exports/react-dnd.js"
"apps/frontend-data-set/frontend-data-set-admin-web/__liferay__/index.js";"../../frontend-js-react-web/__liferay__/exports/react.js"
"apps/frontend-data-set/frontend-data-set-admin-web/__liferay__/index.js";"../../frontend-js-web/__liferay__/index.js"
"apps/frontend-data-set/frontend-data-set-admin-web/__liferay__/index.js";"../../frontend-taglib-clay/__liferay__/exports/@clayui$alert.js"
"apps/frontend-data-set/frontend-data-set-admin-web/__liferay__/index.js";"../../frontend-taglib-clay/__liferay__/exports/@clayui$breadcrumb.js"
"apps/frontend-data-set/frontend-data-set-admin-web/__liferay__/index.js";"../../frontend-taglib-clay/__liferay__/exports/@clayui$button.js"
"apps/frontend-data-set/frontend-data-set-admin-web/__liferay__/index.js";"../../frontend-taglib-clay/__liferay__/exports/@clayui$core.js"
"apps/frontend-data-set/frontend-data-set-admin-web/__liferay__/index.js";"../../frontend-taglib-clay/__liferay__/exports/@clayui$date-picker.js"
"apps/frontend-data-set/frontend-data-set-admin-web/__liferay__/index.js";"../../frontend-taglib-clay/__liferay__/exports/@clayui$drop-down.js"
"apps/frontend-data-set/frontend-data-set-admin-web/__liferay__/index.js";"../../frontend-taglib-clay/__liferay__/exports/@clayui$empty-state.js"
"apps/frontend-data-set/frontend-data-set-admin-web/__liferay__/index.js";"../../frontend-taglib-clay/__liferay__/exports/@clayui$form.js"
"apps/frontend-data-set/frontend-data-set-admin-web/__liferay__/index.js";"../../frontend-taglib-clay/__liferay__/exports/@clayui$icon.js"
"apps/frontend-data-set/frontend-data-set-admin-web/__liferay__/index.js";"../../frontend-taglib-clay/__liferay__/exports/@clayui$label.js"
"apps/frontend-data-set/frontend-data-set-admin-web/__liferay__/index.js";"../../frontend-taglib-clay/__liferay__/exports/@clayui$layout.js"
"apps/frontend-data-set/frontend-data-set-admin-web/__liferay__/index.js";"../../frontend-taglib-clay/__liferay__/exports/@clayui$link.js"
"apps/frontend-data-set/frontend-data-set-admin-web/__liferay__/index.js";"../../frontend-taglib-clay/__liferay__/exports/@clayui$list.js"
"apps/frontend-data-set/frontend-data-set-admin-web/__liferay__/index.js";"../../frontend-taglib-clay/__liferay__/exports/@clayui$loading-indicator.js"
"apps/frontend-data-set/frontend-data-set-admin-web/__liferay__/index.js";"../../frontend-taglib-clay/__liferay__/exports/@clayui$management-toolbar.js"
"apps/frontend-data-set/frontend-data-set-admin-web/__liferay__/index.js";"../../frontend-taglib-clay/__liferay__/exports/@clayui$modal.js"
"apps/frontend-data-set/frontend-data-set-admin-web/__liferay__/index.js";"../../frontend-taglib-clay/__liferay__/exports/@clayui$multi-select.js"
"apps/frontend-data-set/frontend-data-set-admin-web/__liferay__/index.js";"../../frontend-taglib-clay/__liferay__/exports/@clayui$navigation-bar.js"
"apps/frontend-data-set/frontend-data-set-admin-web/__liferay__/index.js";"../../frontend-taglib-clay/__liferay__/exports/@clayui$panel.js"
"apps/frontend-data-set/frontend-data-set-admin-web/__liferay__/index.js";"../../frontend-taglib-clay/__liferay__/exports/@clayui$sticker.js"
"apps/frontend-data-set/frontend-data-set-admin-web/__liferay__/index.js";"../../frontend-taglib-clay/__liferay__/exports/@clayui$table.js"
"apps/frontend-data-set/frontend-data-set-admin-web/__liferay__/index.js";"../../frontend-taglib-clay/__liferay__/exports/@clayui$tabs.js"
"apps/frontend-data-set/frontend-data-set-admin-web/__liferay__/index.js";"../../frontend-taglib-clay/__liferay__/exports/@clayui$tooltip.js"
"apps/frontend-data-set/frontend-data-set-admin-web/__liferay__/index.js";"import(`@liferay/language/${ Liferay.ThemeDisplay.getLanguageId() }/frontend-data-set-admin-web/all.js`)"
"apps/frontend-data-set/frontend-data-set-web/__liferay__/index.js";"../../frontend-js-components-web/__liferay__/index.js"
"apps/frontend-data-set/frontend-data-set-web/__liferay__/index.js";"../../frontend-js-react-web/__liferay__/exports/classnames.js"
"apps/frontend-data-set/frontend-data-set-web/__liferay__/index.js";"../../frontend-js-react-web/__liferay__/exports/prop-types.js"
"apps/frontend-data-set/frontend-data-set-web/__liferay__/index.js";"../../frontend-js-react-web/__liferay__/exports/react-dnd-html5-backend.js"
"apps/frontend-data-set/frontend-data-set-web/__liferay__/index.js";"../../frontend-js-react-web/__liferay__/exports/react-dnd.js"
"apps/frontend-data-set/frontend-data-set-web/__liferay__/index.js";"../../frontend-js-react-web/__liferay__/exports/react.js"
"apps/frontend-data-set/frontend-data-set-web/__liferay__/index.js";"../../frontend-js-react-web/__liferay__/index.js"
"apps/frontend-data-set/frontend-data-set-web/__liferay__/index.js";"../../frontend-js-web/__liferay__/index.js"
"apps/frontend-data-set/frontend-data-set-web/__liferay__/index.js";"../../frontend-taglib-clay/__liferay__/exports/@clayui$autocomplete.js"
"apps/frontend-data-set/frontend-data-set-web/__liferay__/index.js";"../../frontend-taglib-clay/__liferay__/exports/@clayui$badge.js"
"apps/frontend-data-set/frontend-data-set-web/__liferay__/index.js";"../../frontend-taglib-clay/__liferay__/exports/@clayui$button.js"
"apps/frontend-data-set/frontend-data-set-web/__liferay__/index.js";"../../frontend-taglib-clay/__liferay__/exports/@clayui$card.js"
"apps/frontend-data-set/frontend-data-set-web/__liferay__/index.js";"../../frontend-taglib-clay/__liferay__/exports/@clayui$core.js"
"apps/frontend-data-set/frontend-data-set-web/__liferay__/index.js";"../../frontend-taglib-clay/__liferay__/exports/@clayui$drop-down.js"
"apps/frontend-data-set/frontend-data-set-web/__liferay__/index.js";"../../frontend-taglib-clay/__liferay__/exports/@clayui$empty-state.js"
"apps/frontend-data-set/frontend-data-set-web/__liferay__/index.js";"../../frontend-taglib-clay/__liferay__/exports/@clayui$form.js"
"apps/frontend-data-set/frontend-data-set-web/__liferay__/index.js";"../../frontend-taglib-clay/__liferay__/exports/@clayui$icon.js"
"apps/frontend-data-set/frontend-data-set-web/__liferay__/index.js";"../../frontend-taglib-clay/__liferay__/exports/@clayui$label.js"
"apps/frontend-data-set/frontend-data-set-web/__liferay__/index.js";"../../frontend-taglib-clay/__liferay__/exports/@clayui$layout.js"
"apps/frontend-data-set/frontend-data-set-web/__liferay__/index.js";"../../frontend-taglib-clay/__liferay__/exports/@clayui$link.js"
"apps/frontend-data-set/frontend-data-set-web/__liferay__/index.js";"../../frontend-taglib-clay/__liferay__/exports/@clayui$list.js"
"apps/frontend-data-set/frontend-data-set-web/__liferay__/index.js";"../../frontend-taglib-clay/__liferay__/exports/@clayui$loading-indicator.js"
"apps/frontend-data-set/frontend-data-set-web/__liferay__/index.js";"../../frontend-taglib-clay/__liferay__/exports/@clayui$modal.js"
"apps/frontend-data-set/frontend-data-set-web/__liferay__/index.js";"../../frontend-taglib-clay/__liferay__/exports/@clayui$pagination-bar.js"
"apps/frontend-data-set/frontend-data-set-web/__liferay__/index.js";"../../frontend-taglib-clay/__liferay__/exports/@clayui$shared.js"
"apps/frontend-data-set/frontend-data-set-web/__liferay__/index.js";"../../frontend-taglib-clay/__liferay__/exports/@clayui$sticker.js"
"apps/frontend-data-set/frontend-data-set-web/__liferay__/index.js";"../../frontend-taglib-clay/__liferay__/exports/@clayui$table.js"
"apps/frontend-data-set/frontend-data-set-web/__liferay__/index.js";"../../frontend-taglib-clay/__liferay__/exports/@clayui$tooltip.js"
"apps/frontend-data-set/frontend-data-set-web/__liferay__/index.js";"import(`@liferay/language/${ Liferay.ThemeDisplay.getLanguageId() }/frontend-data-set-web/all.js`)"
"apps/frontend-editor/frontend-editor-ckeditor-web/__liferay__/exports/@ckeditor$ckeditor5-react.js";"../../../frontend-js-react-web/__liferay__/exports/prop-types.js"
"apps/frontend-editor/frontend-editor-ckeditor-web/__liferay__/exports/@ckeditor$ckeditor5-react.js";"../../../frontend-js-react-web/__liferay__/exports/react.js"
"apps/frontend-editor/frontend-editor-ckeditor-web/__liferay__/index.js";"../../cookies-banner-web/__liferay__/index.js"
"apps/frontend-editor/frontend-editor-ckeditor-web/__liferay__/index.js";"../../frontend-editor-ckeditor-web/__liferay__/exports/@ckeditor$ckeditor5-react.js"
"apps/frontend-editor/frontend-editor-ckeditor-web/__liferay__/index.js";"../../frontend-editor-ckeditor-web/__liferay__/exports/ckeditor5$ckeditor5.css.js"
"apps/frontend-editor/frontend-editor-ckeditor-web/__liferay__/index.js";"../../frontend-editor-ckeditor-web/__liferay__/exports/ckeditor5.js"
"apps/frontend-editor/frontend-editor-ckeditor-web/__liferay__/index.js";"../../frontend-js-components-web/__liferay__/index.js"
"apps/frontend-editor/frontend-editor-ckeditor-web/__liferay__/index.js";"../../frontend-js-react-web/__liferay__/exports/prop-types.js"
"apps/frontend-editor/frontend-editor-ckeditor-web/__liferay__/index.js";"../../frontend-js-react-web/__liferay__/exports/react.js"
"apps/frontend-editor/frontend-editor-ckeditor-web/__liferay__/index.js";"../../frontend-js-web/__liferay__/index.js"
"apps/frontend-editor/frontend-editor-ckeditor-web/__liferay__/index.js";"../../frontend-taglib-clay/__liferay__/exports/@clayui$loading-indicator.js"
"apps/frontend-editor/frontend-editor-ckeditor-web/__liferay__/index.js";"import(`@liferay/language/${ Liferay.ThemeDisplay.getLanguageId() }/frontend-editor-ckeditor-web/all.js`)"
"apps/frontend-js/frontend-js-bootstrap-support-web/__liferay__/index.js";"../../frontend-js-dependencies-web/__liferay__/exports/dom-align.js"
"apps/frontend-js/frontend-js-bootstrap-support-web/__liferay__/index.js";"../../frontend-js-web/__liferay__/index.js"
"apps/frontend-js/frontend-js-codemirror-web/__liferay__/index.js";"../../frontend-js-codemirror-web/__liferay__/exports/codemirror$addon$fold$foldgutter.css.js"
"apps/frontend-js/frontend-js-codemirror-web/__liferay__/index.js";"../../frontend-js-codemirror-web/__liferay__/exports/codemirror$addon$hint$show-hint.css.js"
"apps/frontend-js/frontend-js-codemirror-web/__liferay__/index.js";"../../frontend-js-codemirror-web/__liferay__/exports/codemirror$lib$codemirror.css.js"
"apps/frontend-js/frontend-js-components-web/__liferay__/index.js";"../../frontend-js-dependencies-web/__liferay__/exports/uuid.js"
"apps/frontend-js/frontend-js-components-web/__liferay__/index.js";"../../frontend-js-react-web/__liferay__/exports/classnames.js"
"apps/frontend-js/frontend-js-components-web/__liferay__/index.js";"../../frontend-js-react-web/__liferay__/exports/prop-types.js"
"apps/frontend-js/frontend-js-components-web/__liferay__/index.js";"../../frontend-js-react-web/__liferay__/exports/react.js"
"apps/frontend-js/frontend-js-components-web/__liferay__/index.js";"../../frontend-js-react-web/__liferay__/index.js"
"apps/frontend-js/frontend-js-components-web/__liferay__/index.js";"../../frontend-js-state-web/__liferay__/index.js"
"apps/frontend-js/frontend-js-components-web/__liferay__/index.js";"../../frontend-js-web/__liferay__/index.js"
"apps/frontend-js/frontend-js-components-web/__liferay__/index.js";"../../frontend-taglib-clay/__liferay__/exports/@clayui$alert.js"
"apps/frontend-js/frontend-js-components-web/__liferay__/index.js";"../../frontend-taglib-clay/__liferay__/exports/@clayui$badge.js"
"apps/frontend-js/frontend-js-components-web/__liferay__/index.js";"../../frontend-taglib-clay/__liferay__/exports/@clayui$button.js"
"apps/frontend-js/frontend-js-components-web/__liferay__/index.js";"../../frontend-taglib-clay/__liferay__/exports/@clayui$card.js"
"apps/frontend-js/frontend-js-components-web/__liferay__/index.js";"../../frontend-taglib-clay/__liferay__/exports/@clayui$core.js"
"apps/frontend-js/frontend-js-components-web/__liferay__/index.js";"../../frontend-taglib-clay/__liferay__/exports/@clayui$drop-down.js"
"apps/frontend-js/frontend-js-components-web/__liferay__/index.js";"../../frontend-taglib-clay/__liferay__/exports/@clayui$form.js"
"apps/frontend-js/frontend-js-components-web/__liferay__/index.js";"../../frontend-taglib-clay/__liferay__/exports/@clayui$icon.js"
"apps/frontend-js/frontend-js-components-web/__liferay__/index.js";"../../frontend-taglib-clay/__liferay__/exports/@clayui$label.js"
"apps/frontend-js/frontend-js-components-web/__liferay__/index.js";"../../frontend-taglib-clay/__liferay__/exports/@clayui$layout.js"
"apps/frontend-js/frontend-js-components-web/__liferay__/index.js";"../../frontend-taglib-clay/__liferay__/exports/@clayui$link.js"
"apps/frontend-js/frontend-js-components-web/__liferay__/index.js";"../../frontend-taglib-clay/__liferay__/exports/@clayui$loading-indicator.js"
"apps/frontend-js/frontend-js-components-web/__liferay__/index.js";"../../frontend-taglib-clay/__liferay__/exports/@clayui$localized-input.js"
"apps/frontend-js/frontend-js-components-web/__liferay__/index.js";"../../frontend-taglib-clay/__liferay__/exports/@clayui$modal.js"
"apps/frontend-js/frontend-js-components-web/__liferay__/index.js";"../../frontend-taglib-clay/__liferay__/exports/@clayui$popover.js"
"apps/frontend-js/frontend-js-components-web/__liferay__/index.js";"../../frontend-taglib-clay/__liferay__/exports/@clayui$sticker.js"
"apps/frontend-js/frontend-js-components-web/__liferay__/index.js";"../../frontend-taglib-clay/__liferay__/exports/@clayui$table.js"
"apps/frontend-js/frontend-js-components-web/__liferay__/index.js";"../../frontend-taglib-clay/__liferay__/exports/@clayui$tooltip.js"
"apps/frontend-js/frontend-js-components-web/__liferay__/index.js";"import(`@liferay/language/${ Liferay.ThemeDisplay.getLanguageId() }/frontend-js-components-web/all.js`)"
"apps/frontend-js/frontend-js-dependencies-web/__liferay__/exports/graphiql.js";"../../../frontend-js-dependencies-web/__liferay__/exports/graphql.js"
"apps/frontend-js/frontend-js-dependencies-web/__liferay__/exports/graphiql.js";"../../../frontend-js-react-web/__liferay__/exports/react-dom.js"
"apps/frontend-js/frontend-js-dependencies-web/__liferay__/exports/graphiql.js";"../../../frontend-js-react-web/__liferay__/exports/react.js"
"apps/frontend-js/frontend-js-dependencies-web/__liferay__/exports/graphql-hooks.js";"../../../frontend-js-react-web/__liferay__/exports/react.js"
"apps/frontend-js/frontend-js-dependencies-web/__liferay__/exports/react-dropzone.js";"../../../frontend-js-react-web/__liferay__/exports/prop-types.js"
"apps/frontend-js/frontend-js-dependencies-web/__liferay__/exports/react-dropzone.js";"../../../frontend-js-react-web/__liferay__/exports/react.js"
"apps/frontend-js/frontend-js-dependencies-web/__liferay__/exports/react-flow-renderer.js";"../../../frontend-js-react-web/__liferay__/exports/react-dom.js"
"apps/frontend-js/frontend-js-dependencies-web/__liferay__/exports/react-flow-renderer.js";"../../../frontend-js-react-web/__liferay__/exports/react.js"
"apps/frontend-js/frontend-js-dependencies-web/__liferay__/exports/react-helmet.js";"../../../frontend-js-react-web/__liferay__/exports/prop-types.js"
"apps/frontend-js/frontend-js-dependencies-web/__liferay__/exports/react-helmet.js";"../../../frontend-js-react-web/__liferay__/exports/react.js"
"apps/frontend-js/frontend-js-dependencies-web/__liferay__/exports/react-router-dom.js";"../../../frontend-js-react-web/__liferay__/exports/prop-types.js"
"apps/frontend-js/frontend-js-dependencies-web/__liferay__/exports/react-router-dom.js";"../../../frontend-js-react-web/__liferay__/exports/react.js"
"apps/frontend-js/frontend-js-dependencies-web/__liferay__/exports/react-text-mask.js";"../../../frontend-js-react-web/__liferay__/exports/react.js"
"apps/frontend-js/frontend-js-dependencies-web/__liferay__/exports/react-transition-group.js";"../../../frontend-js-react-web/__liferay__/exports/prop-types.js"
"apps/frontend-js/frontend-js-dependencies-web/__liferay__/exports/react-transition-group.js";"../../../frontend-js-react-web/__liferay__/exports/react-dom.js"
"apps/frontend-js/frontend-js-dependencies-web/__liferay__/exports/react-transition-group.js";"../../../frontend-js-react-web/__liferay__/exports/react.js"
"apps/frontend-js/frontend-js-item-selector-web/__liferay__/index.js";"../../frontend-js-react-web/__liferay__/exports/react.js"
"apps/frontend-js/frontend-js-item-selector-web/__liferay__/index.js";"../../frontend-js-web/__liferay__/index.js"
"apps/frontend-js/frontend-js-item-selector-web/__liferay__/index.js";"../../frontend-taglib-clay/__liferay__/exports/@clayui$autocomplete.js"
"apps/frontend-js/frontend-js-item-selector-web/__liferay__/index.js";"../../frontend-taglib-clay/__liferay__/exports/@clayui$data-provider.js"
"apps/frontend-js/frontend-js-item-selector-web/__liferay__/index.js";"../../frontend-taglib-clay/__liferay__/exports/@clayui$shared.js"
"apps/frontend-js/frontend-js-react-web/__liferay__/exports/formik.js";"../../../frontend-js-react-web/__liferay__/exports/react.js"
"apps/frontend-js/frontend-js-react-web/__liferay__/exports/react-dnd.js";"../../../frontend-js-react-web/__liferay__/exports/react.js"
"apps/frontend-js/frontend-js-react-web/__liferay__/exports/react-dom-16.js";"../../../frontend-js-react-web/__liferay__/exports/react.js"
"apps/frontend-js/frontend-js-react-web/__liferay__/exports/react-dom-18.js";"../../../frontend-js-react-web/__liferay__/exports/react.js"
"apps/frontend-js/frontend-js-react-web/__liferay__/exports/react-dom-18$client.js";"../../../frontend-js-react-web/__liferay__/exports/react-dom.js"
"apps/frontend-js/frontend-js-react-web/__liferay__/exports/react-dom.js";"../../../frontend-js-react-web/__liferay__/exports/react.js"
"apps/frontend-js/frontend-js-react-web/__liferay__/exports/react-dom$client.js";"../../../frontend-js-react-web/__liferay__/exports/react-dom.js"
"apps/frontend-js/frontend-js-react-web/__liferay__/index.js";"../../accessibility-settings-state-web/__liferay__/index.js"
"apps/frontend-js/frontend-js-react-web/__liferay__/index.js";"../../frontend-js-react-web/__liferay__/exports/classnames.js"
"apps/frontend-js/frontend-js-react-web/__liferay__/index.js";"../../frontend-js-react-web/__liferay__/exports/react-dom$client.js"
"apps/frontend-js/frontend-js-react-web/__liferay__/index.js";"../../frontend-js-react-web/__liferay__/exports/react-dom.js"
"apps/frontend-js/frontend-js-react-web/__liferay__/index.js";"../../frontend-js-react-web/__liferay__/exports/react.js"
"apps/frontend-js/frontend-js-react-web/__liferay__/index.js";"../../frontend-js-state-web/__liferay__/react.js"
"apps/frontend-js/frontend-js-react-web/__liferay__/index.js";"../../frontend-taglib-clay/__liferay__/exports/@clayui$core.js"
"apps/frontend-js/frontend-js-react-web/__liferay__/index.js";"../../frontend-taglib-clay/__liferay__/exports/@clayui$icon.js"
"apps/frontend-js/frontend-js-recharts/__liferay__/exports/recharts.js";"../../../frontend-js-dependencies-web/__liferay__/exports/react-transition-group.js"
"apps/frontend-js/frontend-js-recharts/__liferay__/exports/recharts.js";"../../../frontend-js-react-web/__liferay__/exports/classnames.js"
"apps/frontend-js/frontend-js-recharts/__liferay__/exports/recharts.js";"../../../frontend-js-react-web/__liferay__/exports/prop-types.js"
"apps/frontend-js/frontend-js-recharts/__liferay__/exports/recharts.js";"../../../frontend-js-react-web/__liferay__/exports/react-dom.js"
"apps/frontend-js/frontend-js-recharts/__liferay__/exports/recharts.js";"../../../frontend-js-react-web/__liferay__/exports/react.js"
"apps/frontend-js/frontend-js-spa-web/__liferay__/index.js";"../../frontend-icons-web/__liferay__/index.js"
"apps/frontend-js/frontend-js-spa-web/__liferay__/index.js";"../../frontend-js-web/__liferay__/index.js"
"apps/frontend-js/frontend-js-spa-web/__liferay__/index.js";"import(`@liferay/language/${ Liferay.ThemeDisplay.getLanguageId() }/frontend-js-spa-web/all.js`)"
"apps/frontend-js/frontend-js-state-web/__liferay__/react.js";"../../frontend-js-react-web/__liferay__/exports/react.js"
"apps/frontend-js/frontend-js-state-web/__liferay__/react.js";"../../frontend-js-state-web/__liferay__/index.js"
"apps/frontend-js/frontend-js-tooltip-support-web/__liferay__/index.js";"../../frontend-js-react-web/__liferay__/index.js"
"apps/frontend-js/frontend-js-tooltip-support-web/__liferay__/index.js";"../../frontend-taglib-clay/__liferay__/exports/@clayui$tooltip.js"
"apps/frontend-js/frontend-js-walkthrough-web/__liferay__/index.js";"../../frontend-js-dependencies-web/__liferay__/exports/dom-align.js"
"apps/frontend-js/frontend-js-walkthrough-web/__liferay__/index.js";"../../frontend-js-react-web/__liferay__/exports/prop-types.js"
"apps/frontend-js/frontend-js-walkthrough-web/__liferay__/index.js";"../../frontend-js-react-web/__liferay__/exports/react.js"
"apps/frontend-js/frontend-js-walkthrough-web/__liferay__/index.js";"../../frontend-js-react-web/__liferay__/index.js"
"apps/frontend-js/frontend-js-walkthrough-web/__liferay__/index.js";"../../frontend-js-web/__liferay__/index.js"
"apps/frontend-js/frontend-js-walkthrough-web/__liferay__/index.js";"../../frontend-taglib-clay/__liferay__/exports/@clayui$button.js"
"apps/frontend-js/frontend-js-walkthrough-web/__liferay__/index.js";"../../frontend-taglib-clay/__liferay__/exports/@clayui$core.js"
"apps/frontend-js/frontend-js-walkthrough-web/__liferay__/index.js";"../../frontend-taglib-clay/__liferay__/exports/@clayui$form.js"
"apps/frontend-js/frontend-js-walkthrough-web/__liferay__/index.js";"../../frontend-taglib-clay/__liferay__/exports/@clayui$layout.js"
"apps/frontend-js/frontend-js-walkthrough-web/__liferay__/index.js";"../../frontend-taglib-clay/__liferay__/exports/@clayui$popover.js"
"apps/frontend-js/frontend-js-walkthrough-web/__liferay__/index.js";"import(`@liferay/language/${ Liferay.ThemeDisplay.getLanguageId() }/frontend-js-walkthrough-web/all.js`)"
"apps/frontend-js/frontend-js-web/__liferay__/index.js";"../../accessibility-settings-state-web/__liferay__/index.js"
"apps/frontend-js/frontend-js-web/__liferay__/index.js";"../../frontend-js-state-web/__liferay__/index.js"
"apps/frontend-js/frontend-js-web/__liferay__/legacy.js";"import(Liferay.ThemeDisplay.getPathContext() + '/o/frontend-js-components-web/__liferay__/index.js')"
"apps/frontend-js/frontend-js-web/__liferay__/legacy.js";"import(`@liferay/language/${ Liferay.ThemeDisplay.getLanguageId() }/frontend-js-web/all.js`)"
"apps/frontend-taglib/frontend-taglib-clay-sample-web/__liferay__/index.js";"../../frontend-icons-web/__liferay__/index.js"
"apps/frontend-taglib/frontend-taglib-clay-sample-web/__liferay__/index.js";"../../frontend-js-components-web/__liferay__/index.js"
"apps/frontend-taglib/frontend-taglib-clay-sample-web/__liferay__/index.js";"../../frontend-js-react-web/__liferay__/exports/react.js"
"apps/frontend-taglib/frontend-taglib-clay-sample-web/__liferay__/index.js";"../../frontend-taglib-clay/__liferay__/exports/@clayui$alert.js"
"apps/frontend-taglib/frontend-taglib-clay-sample-web/__liferay__/index.js";"../../frontend-taglib-clay/__liferay__/exports/@clayui$button.js"
"apps/frontend-taglib/frontend-taglib-clay-sample-web/__liferay__/index.js";"../../frontend-taglib-clay/__liferay__/exports/@clayui$core.js"
"apps/frontend-taglib/frontend-taglib-clay-sample-web/__liferay__/index.js";"../../frontend-taglib-clay/__liferay__/exports/@clayui$drop-down.js"
"apps/frontend-taglib/frontend-taglib-clay-sample-web/__liferay__/index.js";"../../frontend-taglib-clay/__liferay__/exports/@clayui$form.js"
"apps/frontend-taglib/frontend-taglib-clay-sample-web/__liferay__/index.js";"../../frontend-taglib-clay/__liferay__/exports/@clayui$icon.js"
"apps/frontend-taglib/frontend-taglib-clay-sample-web/__liferay__/index.js";"../../frontend-taglib-clay/__liferay__/exports/@clayui$sticker.js"
"apps/frontend-taglib/frontend-taglib-clay-sample-web/__liferay__/index.js";"../../frontend-taglib-clay/__liferay__/exports/@clayui$tooltip.js"
"apps/frontend-taglib/frontend-taglib-clay-sample-web/__liferay__/index.js";"import(`@liferay/language/${ Liferay.ThemeDisplay.getLanguageId() }/frontend-taglib-clay-sample-web/all.js`)"
"apps/frontend-taglib/frontend-taglib-clay/__liferay__/exports/@clayui$alert.js";"../../../frontend-js-react-web/__liferay__/exports/classnames.js"
"apps/frontend-taglib/frontend-taglib-clay/__liferay__/exports/@clayui$alert.js";"../../../frontend-js-react-web/__liferay__/exports/react.js"
"apps/frontend-taglib/frontend-taglib-clay/__liferay__/exports/@clayui$alert.js";"../../../frontend-taglib-clay/__liferay__/exports/@clayui$icon.js"
"apps/frontend-taglib/frontend-taglib-clay/__liferay__/exports/@clayui$alert.js";"../../../frontend-taglib-clay/__liferay__/exports/@clayui$layout.js"
"apps/frontend-taglib/frontend-taglib-clay/__liferay__/exports/@clayui$autocomplete.js";"../../../frontend-js-dependencies-web/__liferay__/exports/fuzzy.js"
"apps/frontend-taglib/frontend-taglib-clay/__liferay__/exports/@clayui$autocomplete.js";"../../../frontend-js-react-web/__liferay__/exports/classnames.js"
"apps/frontend-taglib/frontend-taglib-clay/__liferay__/exports/@clayui$autocomplete.js";"../../../frontend-js-react-web/__liferay__/exports/react.js"
"apps/frontend-taglib/frontend-taglib-clay/__liferay__/exports/@clayui$autocomplete.js";"../../../frontend-taglib-clay/__liferay__/exports/@clayui$core.js"
"apps/frontend-taglib/frontend-taglib-clay/__liferay__/exports/@clayui$autocomplete.js";"../../../frontend-taglib-clay/__liferay__/exports/@clayui$drop-down.js"
"apps/frontend-taglib/frontend-taglib-clay/__liferay__/exports/@clayui$autocomplete.js";"../../../frontend-taglib-clay/__liferay__/exports/@clayui$form.js"
"apps/frontend-taglib/frontend-taglib-clay/__liferay__/exports/@clayui$autocomplete.js";"../../../frontend-taglib-clay/__liferay__/exports/@clayui$loading-indicator.js"
"apps/frontend-taglib/frontend-taglib-clay/__liferay__/exports/@clayui$autocomplete.js";"../../../frontend-taglib-clay/__liferay__/exports/@clayui$shared.js"
"apps/frontend-taglib/frontend-taglib-clay/__liferay__/exports/@clayui$badge.js";"../../../frontend-js-react-web/__liferay__/exports/classnames.js"
"apps/frontend-taglib/frontend-taglib-clay/__liferay__/exports/@clayui$badge.js";"../../../frontend-js-react-web/__liferay__/exports/react.js"
"apps/frontend-taglib/frontend-taglib-clay/__liferay__/exports/@clayui$breadcrumb.js";"../../../frontend-js-react-web/__liferay__/exports/classnames.js"
"apps/frontend-taglib/frontend-taglib-clay/__liferay__/exports/@clayui$breadcrumb.js";"../../../frontend-js-react-web/__liferay__/exports/react.js"
"apps/frontend-taglib/frontend-taglib-clay/__liferay__/exports/@clayui$breadcrumb.js";"../../../frontend-taglib-clay/__liferay__/exports/@clayui$button.js"
"apps/frontend-taglib/frontend-taglib-clay/__liferay__/exports/@clayui$breadcrumb.js";"../../../frontend-taglib-clay/__liferay__/exports/@clayui$link.js"
"apps/frontend-taglib/frontend-taglib-clay/__liferay__/exports/@clayui$button.js";"../../../frontend-js-react-web/__liferay__/exports/classnames.js"
"apps/frontend-taglib/frontend-taglib-clay/__liferay__/exports/@clayui$button.js";"../../../frontend-js-react-web/__liferay__/exports/react.js"
"apps/frontend-taglib/frontend-taglib-clay/__liferay__/exports/@clayui$button.js";"../../../frontend-taglib-clay/__liferay__/exports/@clayui$icon.js"
"apps/frontend-taglib/frontend-taglib-clay/__liferay__/exports/@clayui$button.js";"../../../frontend-taglib-clay/__liferay__/exports/@clayui$loading-indicator.js"
"apps/frontend-taglib/frontend-taglib-clay/__liferay__/exports/@clayui$card.js";"../../../frontend-js-react-web/__liferay__/exports/classnames.js"
"apps/frontend-taglib/frontend-taglib-clay/__liferay__/exports/@clayui$card.js";"../../../frontend-js-react-web/__liferay__/exports/react.js"
"apps/frontend-taglib/frontend-taglib-clay/__liferay__/exports/@clayui$card.js";"../../../frontend-taglib-clay/__liferay__/exports/@clayui$button.js"
"apps/frontend-taglib/frontend-taglib-clay/__liferay__/exports/@clayui$card.js";"../../../frontend-taglib-clay/__liferay__/exports/@clayui$drop-down.js"
"apps/frontend-taglib/frontend-taglib-clay/__liferay__/exports/@clayui$card.js";"../../../frontend-taglib-clay/__liferay__/exports/@clayui$form.js"
"apps/frontend-taglib/frontend-taglib-clay/__liferay__/exports/@clayui$card.js";"../../../frontend-taglib-clay/__liferay__/exports/@clayui$icon.js"
"apps/frontend-taglib/frontend-taglib-clay/__liferay__/exports/@clayui$card.js";"../../../frontend-taglib-clay/__liferay__/exports/@clayui$label.js"
"apps/frontend-taglib/frontend-taglib-clay/__liferay__/exports/@clayui$card.js";"../../../frontend-taglib-clay/__liferay__/exports/@clayui$layout.js"
"apps/frontend-taglib/frontend-taglib-clay/__liferay__/exports/@clayui$card.js";"../../../frontend-taglib-clay/__liferay__/exports/@clayui$link.js"
"apps/frontend-taglib/frontend-taglib-clay/__liferay__/exports/@clayui$card.js";"../../../frontend-taglib-clay/__liferay__/exports/@clayui$shared.js"
"apps/frontend-taglib/frontend-taglib-clay/__liferay__/exports/@clayui$card.js";"../../../frontend-taglib-clay/__liferay__/exports/@clayui$sticker.js"
"apps/frontend-taglib/frontend-taglib-clay/__liferay__/exports/@clayui$charts.js";"../../../frontend-js-react-web/__liferay__/exports/react.js"
"apps/frontend-taglib/frontend-taglib-clay/__liferay__/exports/@clayui$color-picker.js";"../../../frontend-js-react-web/__liferay__/exports/classnames.js"
"apps/frontend-taglib/frontend-taglib-clay/__liferay__/exports/@clayui$color-picker.js";"../../../frontend-js-react-web/__liferay__/exports/react.js"
"apps/frontend-taglib/frontend-taglib-clay/__liferay__/exports/@clayui$color-picker.js";"../../../frontend-taglib-clay/__liferay__/exports/@clayui$button.js"
"apps/frontend-taglib/frontend-taglib-clay/__liferay__/exports/@clayui$color-picker.js";"../../../frontend-taglib-clay/__liferay__/exports/@clayui$drop-down.js"
"apps/frontend-taglib/frontend-taglib-clay/__liferay__/exports/@clayui$color-picker.js";"../../../frontend-taglib-clay/__liferay__/exports/@clayui$form.js"
"apps/frontend-taglib/frontend-taglib-clay/__liferay__/exports/@clayui$color-picker.js";"../../../frontend-taglib-clay/__liferay__/exports/@clayui$icon.js"
"apps/frontend-taglib/frontend-taglib-clay/__liferay__/exports/@clayui$color-picker.js";"../../../frontend-taglib-clay/__liferay__/exports/@clayui$shared.js"
"apps/frontend-taglib/frontend-taglib-clay/__liferay__/exports/@clayui$color-picker.js";"../../../frontend-taglib-clay/__liferay__/exports/@clayui$slider.js"
"apps/frontend-taglib/frontend-taglib-clay/__liferay__/exports/@clayui$core.js";"../../../frontend-js-dependencies-web/__liferay__/exports/fuzzy.js"
"apps/frontend-taglib/frontend-taglib-clay/__liferay__/exports/@clayui$core.js";"../../../frontend-js-dependencies-web/__liferay__/exports/react-transition-group.js"
"apps/frontend-taglib/frontend-taglib-clay/__liferay__/exports/@clayui$core.js";"../../../frontend-js-react-web/__liferay__/exports/classnames.js"
"apps/frontend-taglib/frontend-taglib-clay/__liferay__/exports/@clayui$core.js";"../../../frontend-js-react-web/__liferay__/exports/react-dnd-html5-backend.js"
"apps/frontend-taglib/frontend-taglib-clay/__liferay__/exports/@clayui$core.js";"../../../frontend-js-react-web/__liferay__/exports/react-dnd.js"
"apps/frontend-taglib/frontend-taglib-clay/__liferay__/exports/@clayui$core.js";"../../../frontend-js-react-web/__liferay__/exports/react-dom.js"
"apps/frontend-taglib/frontend-taglib-clay/__liferay__/exports/@clayui$core.js";"../../../frontend-js-react-web/__liferay__/exports/react.js"
"apps/frontend-taglib/frontend-taglib-clay/__liferay__/exports/@clayui$core.js";"../../../frontend-taglib-clay/__liferay__/exports/@clayui$button.js"
"apps/frontend-taglib/frontend-taglib-clay/__liferay__/exports/@clayui$core.js";"../../../frontend-taglib-clay/__liferay__/exports/@clayui$form.js"
"apps/frontend-taglib/frontend-taglib-clay/__liferay__/exports/@clayui$core.js";"../../../frontend-taglib-clay/__liferay__/exports/@clayui$icon.js"
"apps/frontend-taglib/frontend-taglib-clay/__liferay__/exports/@clayui$core.js";"../../../frontend-taglib-clay/__liferay__/exports/@clayui$label.js"
"apps/frontend-taglib/frontend-taglib-clay/__liferay__/exports/@clayui$core.js";"../../../frontend-taglib-clay/__liferay__/exports/@clayui$layout.js"
"apps/frontend-taglib/frontend-taglib-clay/__liferay__/exports/@clayui$core.js";"../../../frontend-taglib-clay/__liferay__/exports/@clayui$link.js"
"apps/frontend-taglib/frontend-taglib-clay/__liferay__/exports/@clayui$core.js";"../../../frontend-taglib-clay/__liferay__/exports/@clayui$loading-indicator.js"
"apps/frontend-taglib/frontend-taglib-clay/__liferay__/exports/@clayui$core.js";"../../../frontend-taglib-clay/__liferay__/exports/@clayui$modal.js"
"apps/frontend-taglib/frontend-taglib-clay/__liferay__/exports/@clayui$core.js";"../../../frontend-taglib-clay/__liferay__/exports/@clayui$provider.js"
"apps/frontend-taglib/frontend-taglib-clay/__liferay__/exports/@clayui$core.js";"../../../frontend-taglib-clay/__liferay__/exports/@clayui$shared.js"
"apps/frontend-taglib/frontend-taglib-clay/__liferay__/exports/@clayui$core.js";"../../../frontend-taglib-clay/__liferay__/exports/@clayui$table.js"
"apps/frontend-taglib/frontend-taglib-clay/__liferay__/exports/@clayui$data-provider.js";"../../../frontend-js-react-web/__liferay__/exports/react.js"
"apps/frontend-taglib/frontend-taglib-clay/__liferay__/exports/@clayui$data-provider.js";"../../../frontend-taglib-clay/__liferay__/exports/@clayui$provider.js"
"apps/frontend-taglib/frontend-taglib-clay/__liferay__/exports/@clayui$data-provider.js";"../../../frontend-taglib-clay/__liferay__/exports/@clayui$shared.js"
"apps/frontend-taglib/frontend-taglib-clay/__liferay__/exports/@clayui$date-picker.js";"../../../frontend-js-react-web/__liferay__/exports/classnames.js"
"apps/frontend-taglib/frontend-taglib-clay/__liferay__/exports/@clayui$date-picker.js";"../../../frontend-js-react-web/__liferay__/exports/react.js"
"apps/frontend-taglib/frontend-taglib-clay/__liferay__/exports/@clayui$date-picker.js";"../../../frontend-taglib-clay/__liferay__/exports/@clayui$button.js"
"apps/frontend-taglib/frontend-taglib-clay/__liferay__/exports/@clayui$date-picker.js";"../../../frontend-taglib-clay/__liferay__/exports/@clayui$core.js"
"apps/frontend-taglib/frontend-taglib-clay/__liferay__/exports/@clayui$date-picker.js";"../../../frontend-taglib-clay/__liferay__/exports/@clayui$drop-down.js"
"apps/frontend-taglib/frontend-taglib-clay/__liferay__/exports/@clayui$date-picker.js";"../../../frontend-taglib-clay/__liferay__/exports/@clayui$form.js"
"apps/frontend-taglib/frontend-taglib-clay/__liferay__/exports/@clayui$date-picker.js";"../../../frontend-taglib-clay/__liferay__/exports/@clayui$icon.js"
"apps/frontend-taglib/frontend-taglib-clay/__liferay__/exports/@clayui$date-picker.js";"../../../frontend-taglib-clay/__liferay__/exports/@clayui$shared.js"
"apps/frontend-taglib/frontend-taglib-clay/__liferay__/exports/@clayui$date-picker.js";"../../../frontend-taglib-clay/__liferay__/exports/@clayui$time-picker.js"
"apps/frontend-taglib/frontend-taglib-clay/__liferay__/exports/@clayui$drop-down.js";"../../../frontend-js-dependencies-web/__liferay__/exports/react-transition-group.js"
"apps/frontend-taglib/frontend-taglib-clay/__liferay__/exports/@clayui$drop-down.js";"../../../frontend-js-react-web/__liferay__/exports/classnames.js"
"apps/frontend-taglib/frontend-taglib-clay/__liferay__/exports/@clayui$drop-down.js";"../../../frontend-js-react-web/__liferay__/exports/react.js"
"apps/frontend-taglib/frontend-taglib-clay/__liferay__/exports/@clayui$drop-down.js";"../../../frontend-taglib-clay/__liferay__/exports/@clayui$button.js"
"apps/frontend-taglib/frontend-taglib-clay/__liferay__/exports/@clayui$drop-down.js";"../../../frontend-taglib-clay/__liferay__/exports/@clayui$core.js"
"apps/frontend-taglib/frontend-taglib-clay/__liferay__/exports/@clayui$drop-down.js";"../../../frontend-taglib-clay/__liferay__/exports/@clayui$form.js"
"apps/frontend-taglib/frontend-taglib-clay/__liferay__/exports/@clayui$drop-down.js";"../../../frontend-taglib-clay/__liferay__/exports/@clayui$icon.js"
"apps/frontend-taglib/frontend-taglib-clay/__liferay__/exports/@clayui$drop-down.js";"../../../frontend-taglib-clay/__liferay__/exports/@clayui$link.js"
"apps/frontend-taglib/frontend-taglib-clay/__liferay__/exports/@clayui$drop-down.js";"../../../frontend-taglib-clay/__liferay__/exports/@clayui$shared.js"
"apps/frontend-taglib/frontend-taglib-clay/__liferay__/exports/@clayui$empty-state.js";"../../../frontend-js-react-web/__liferay__/exports/classnames.js"
"apps/frontend-taglib/frontend-taglib-clay/__liferay__/exports/@clayui$empty-state.js";"../../../frontend-js-react-web/__liferay__/exports/react.js"
"apps/frontend-taglib/frontend-taglib-clay/__liferay__/exports/@clayui$form.js";"../../../frontend-js-react-web/__liferay__/exports/classnames.js"
"apps/frontend-taglib/frontend-taglib-clay/__liferay__/exports/@clayui$form.js";"../../../frontend-js-react-web/__liferay__/exports/react.js"
"apps/frontend-taglib/frontend-taglib-clay/__liferay__/exports/@clayui$form.js";"../../../frontend-taglib-clay/__liferay__/exports/@clayui$button.js"
"apps/frontend-taglib/frontend-taglib-clay/__liferay__/exports/@clayui$form.js";"../../../frontend-taglib-clay/__liferay__/exports/@clayui$icon.js"
"apps/frontend-taglib/frontend-taglib-clay/__liferay__/exports/@clayui$form.js";"../../../frontend-taglib-clay/__liferay__/exports/@clayui$shared.js"
"apps/frontend-taglib/frontend-taglib-clay/__liferay__/exports/@clayui$icon.js";"../../../frontend-js-react-web/__liferay__/exports/classnames.js"
"apps/frontend-taglib/frontend-taglib-clay/__liferay__/exports/@clayui$icon.js";"../../../frontend-js-react-web/__liferay__/exports/react.js"
"apps/frontend-taglib/frontend-taglib-clay/__liferay__/exports/@clayui$label.js";"../../../frontend-js-react-web/__liferay__/exports/classnames.js"
"apps/frontend-taglib/frontend-taglib-clay/__liferay__/exports/@clayui$label.js";"../../../frontend-js-react-web/__liferay__/exports/react.js"
"apps/frontend-taglib/frontend-taglib-clay/__liferay__/exports/@clayui$label.js";"../../../frontend-taglib-clay/__liferay__/exports/@clayui$icon.js"
"apps/frontend-taglib/frontend-taglib-clay/__liferay__/exports/@clayui$label.js";"../../../frontend-taglib-clay/__liferay__/exports/@clayui$link.js"
"apps/frontend-taglib/frontend-taglib-clay/__liferay__/exports/@clayui$layout.js";"../../../frontend-js-react-web/__liferay__/exports/classnames.js"
"apps/frontend-taglib/frontend-taglib-clay/__liferay__/exports/@clayui$layout.js";"../../../frontend-js-react-web/__liferay__/exports/react.js"
"apps/frontend-taglib/frontend-taglib-clay/__liferay__/exports/@clayui$link.js";"../../../frontend-js-react-web/__liferay__/exports/classnames.js"
"apps/frontend-taglib/frontend-taglib-clay/__liferay__/exports/@clayui$link.js";"../../../frontend-js-react-web/__liferay__/exports/react.js"
"apps/frontend-taglib/frontend-taglib-clay/__liferay__/exports/@clayui$list.js";"../../../frontend-js-react-web/__liferay__/exports/classnames.js"
"apps/frontend-taglib/frontend-taglib-clay/__liferay__/exports/@clayui$list.js";"../../../frontend-js-react-web/__liferay__/exports/react.js"
"apps/frontend-taglib/frontend-taglib-clay/__liferay__/exports/@clayui$list.js";"../../../frontend-taglib-clay/__liferay__/exports/@clayui$drop-down.js"
"apps/frontend-taglib/frontend-taglib-clay/__liferay__/exports/@clayui$list.js";"../../../frontend-taglib-clay/__liferay__/exports/@clayui$form.js"
"apps/frontend-taglib/frontend-taglib-clay/__liferay__/exports/@clayui$list.js";"../../../frontend-taglib-clay/__liferay__/exports/@clayui$icon.js"
"apps/frontend-taglib/frontend-taglib-clay/__liferay__/exports/@clayui$list.js";"../../../frontend-taglib-clay/__liferay__/exports/@clayui$label.js"
"apps/frontend-taglib/frontend-taglib-clay/__liferay__/exports/@clayui$list.js";"../../../frontend-taglib-clay/__liferay__/exports/@clayui$layout.js"
"apps/frontend-taglib/frontend-taglib-clay/__liferay__/exports/@clayui$list.js";"../../../frontend-taglib-clay/__liferay__/exports/@clayui$link.js"
"apps/frontend-taglib/frontend-taglib-clay/__liferay__/exports/@clayui$list.js";"../../../frontend-taglib-clay/__liferay__/exports/@clayui$sticker.js"
"apps/frontend-taglib/frontend-taglib-clay/__liferay__/exports/@clayui$loading-indicator.js";"../../../frontend-js-react-web/__liferay__/exports/classnames.js"
"apps/frontend-taglib/frontend-taglib-clay/__liferay__/exports/@clayui$loading-indicator.js";"../../../frontend-js-react-web/__liferay__/exports/react.js"
"apps/frontend-taglib/frontend-taglib-clay/__liferay__/exports/@clayui$localized-input.js";"../../../frontend-js-react-web/__liferay__/exports/react.js"
"apps/frontend-taglib/frontend-taglib-clay/__liferay__/exports/@clayui$localized-input.js";"../../../frontend-taglib-clay/__liferay__/exports/@clayui$button.js"
"apps/frontend-taglib/frontend-taglib-clay/__liferay__/exports/@clayui$localized-input.js";"../../../frontend-taglib-clay/__liferay__/exports/@clayui$drop-down.js"
"apps/frontend-taglib/frontend-taglib-clay/__liferay__/exports/@clayui$localized-input.js";"../../../frontend-taglib-clay/__liferay__/exports/@clayui$form.js"
"apps/frontend-taglib/frontend-taglib-clay/__liferay__/exports/@clayui$localized-input.js";"../../../frontend-taglib-clay/__liferay__/exports/@clayui$icon.js"
"apps/frontend-taglib/frontend-taglib-clay/__liferay__/exports/@clayui$localized-input.js";"../../../frontend-taglib-clay/__liferay__/exports/@clayui$label.js"
"apps/frontend-taglib/frontend-taglib-clay/__liferay__/exports/@clayui$localized-input.js";"../../../frontend-taglib-clay/__liferay__/exports/@clayui$layout.js"
"apps/frontend-taglib/frontend-taglib-clay/__liferay__/exports/@clayui$management-toolbar.js";"../../../frontend-js-react-web/__liferay__/exports/classnames.js"
"apps/frontend-taglib/frontend-taglib-clay/__liferay__/exports/@clayui$management-toolbar.js";"../../../frontend-js-react-web/__liferay__/exports/react.js"
"apps/frontend-taglib/frontend-taglib-clay/__liferay__/exports/@clayui$management-toolbar.js";"../../../frontend-taglib-clay/__liferay__/exports/@clayui$layout.js"
"apps/frontend-taglib/frontend-taglib-clay/__liferay__/exports/@clayui$modal.js";"../../../frontend-js-react-web/__liferay__/exports/classnames.js"
"apps/frontend-taglib/frontend-taglib-clay/__liferay__/exports/@clayui$modal.js";"../../../frontend-js-react-web/__liferay__/exports/react.js"
"apps/frontend-taglib/frontend-taglib-clay/__liferay__/exports/@clayui$modal.js";"../../../frontend-taglib-clay/__liferay__/exports/@clayui$button.js"
"apps/frontend-taglib/frontend-taglib-clay/__liferay__/exports/@clayui$modal.js";"../../../frontend-taglib-clay/__liferay__/exports/@clayui$icon.js"
"apps/frontend-taglib/frontend-taglib-clay/__liferay__/exports/@clayui$modal.js";"../../../frontend-taglib-clay/__liferay__/exports/@clayui$shared.js"
"apps/frontend-taglib/frontend-taglib-clay/__liferay__/exports/@clayui$multi-select.js";"../../../frontend-js-react-web/__liferay__/exports/classnames.js"
"apps/frontend-taglib/frontend-taglib-clay/__liferay__/exports/@clayui$multi-select.js";"../../../frontend-js-react-web/__liferay__/exports/react.js"
"apps/frontend-taglib/frontend-taglib-clay/__liferay__/exports/@clayui$multi-select.js";"../../../frontend-taglib-clay/__liferay__/exports/@clayui$autocomplete.js"
"apps/frontend-taglib/frontend-taglib-clay/__liferay__/exports/@clayui$multi-select.js";"../../../frontend-taglib-clay/__liferay__/exports/@clayui$button.js"
"apps/frontend-taglib/frontend-taglib-clay/__liferay__/exports/@clayui$multi-select.js";"../../../frontend-taglib-clay/__liferay__/exports/@clayui$form.js"
"apps/frontend-taglib/frontend-taglib-clay/__liferay__/exports/@clayui$multi-select.js";"../../../frontend-taglib-clay/__liferay__/exports/@clayui$icon.js"
"apps/frontend-taglib/frontend-taglib-clay/__liferay__/exports/@clayui$multi-select.js";"../../../frontend-taglib-clay/__liferay__/exports/@clayui$label.js"
"apps/frontend-taglib/frontend-taglib-clay/__liferay__/exports/@clayui$multi-select.js";"../../../frontend-taglib-clay/__liferay__/exports/@clayui$shared.js"
"apps/frontend-taglib/frontend-taglib-clay/__liferay__/exports/@clayui$multi-step-nav.js";"../../../frontend-js-react-web/__liferay__/exports/classnames.js"
"apps/frontend-taglib/frontend-taglib-clay/__liferay__/exports/@clayui$multi-step-nav.js";"../../../frontend-js-react-web/__liferay__/exports/react.js"
"apps/frontend-taglib/frontend-taglib-clay/__liferay__/exports/@clayui$multi-step-nav.js";"../../../frontend-taglib-clay/__liferay__/exports/@clayui$drop-down.js"
"apps/frontend-taglib/frontend-taglib-clay/__liferay__/exports/@clayui$multi-step-nav.js";"../../../frontend-taglib-clay/__liferay__/exports/@clayui$icon.js"
"apps/frontend-taglib/frontend-taglib-clay/__liferay__/exports/@clayui$multi-step-nav.js";"../../../frontend-taglib-clay/__liferay__/exports/@clayui$shared.js"
"apps/frontend-taglib/frontend-taglib-clay/__liferay__/exports/@clayui$nav.js";"../../../frontend-js-react-web/__liferay__/exports/react.js"
"apps/frontend-taglib/frontend-taglib-clay/__liferay__/exports/@clayui$nav.js";"../../../frontend-taglib-clay/__liferay__/exports/@clayui$core.js"
"apps/frontend-taglib/frontend-taglib-clay/__liferay__/exports/@clayui$navigation-bar.js";"../../../frontend-js-dependencies-web/__liferay__/exports/react-transition-group.js"
"apps/frontend-taglib/frontend-taglib-clay/__liferay__/exports/@clayui$navigation-bar.js";"../../../frontend-js-react-web/__liferay__/exports/classnames.js"
"apps/frontend-taglib/frontend-taglib-clay/__liferay__/exports/@clayui$navigation-bar.js";"../../../frontend-js-react-web/__liferay__/exports/react.js"
"apps/frontend-taglib/frontend-taglib-clay/__liferay__/exports/@clayui$navigation-bar.js";"../../../frontend-taglib-clay/__liferay__/exports/@clayui$button.js"
"apps/frontend-taglib/frontend-taglib-clay/__liferay__/exports/@clayui$navigation-bar.js";"../../../frontend-taglib-clay/__liferay__/exports/@clayui$icon.js"
"apps/frontend-taglib/frontend-taglib-clay/__liferay__/exports/@clayui$navigation-bar.js";"../../../frontend-taglib-clay/__liferay__/exports/@clayui$layout.js"
"apps/frontend-taglib/frontend-taglib-clay/__liferay__/exports/@clayui$navigation-bar.js";"../../../frontend-taglib-clay/__liferay__/exports/@clayui$provider.js"
"apps/frontend-taglib/frontend-taglib-clay/__liferay__/exports/@clayui$navigation-bar.js";"../../../frontend-taglib-clay/__liferay__/exports/@clayui$shared.js"
"apps/frontend-taglib/frontend-taglib-clay/__liferay__/exports/@clayui$pagination-bar.js";"../../../frontend-js-react-web/__liferay__/exports/classnames.js"
"apps/frontend-taglib/frontend-taglib-clay/__liferay__/exports/@clayui$pagination-bar.js";"../../../frontend-js-react-web/__liferay__/exports/react.js"
"apps/frontend-taglib/frontend-taglib-clay/__liferay__/exports/@clayui$pagination-bar.js";"../../../frontend-taglib-clay/__liferay__/exports/@clayui$button.js"
"apps/frontend-taglib/frontend-taglib-clay/__liferay__/exports/@clayui$pagination-bar.js";"../../../frontend-taglib-clay/__liferay__/exports/@clayui$core.js"
"apps/frontend-taglib/frontend-taglib-clay/__liferay__/exports/@clayui$pagination-bar.js";"../../../frontend-taglib-clay/__liferay__/exports/@clayui$drop-down.js"
"apps/frontend-taglib/frontend-taglib-clay/__liferay__/exports/@clayui$pagination-bar.js";"../../../frontend-taglib-clay/__liferay__/exports/@clayui$icon.js"
"apps/frontend-taglib/frontend-taglib-clay/__liferay__/exports/@clayui$pagination-bar.js";"../../../frontend-taglib-clay/__liferay__/exports/@clayui$pagination.js"
"apps/frontend-taglib/frontend-taglib-clay/__liferay__/exports/@clayui$pagination-bar.js";"../../../frontend-taglib-clay/__liferay__/exports/@clayui$shared.js"
"apps/frontend-taglib/frontend-taglib-clay/__liferay__/exports/@clayui$pagination.js";"../../../frontend-js-react-web/__liferay__/exports/classnames.js"
"apps/frontend-taglib/frontend-taglib-clay/__liferay__/exports/@clayui$pagination.js";"../../../frontend-js-react-web/__liferay__/exports/react.js"
"apps/frontend-taglib/frontend-taglib-clay/__liferay__/exports/@clayui$pagination.js";"../../../frontend-taglib-clay/__liferay__/exports/@clayui$button.js"
"apps/frontend-taglib/frontend-taglib-clay/__liferay__/exports/@clayui$pagination.js";"../../../frontend-taglib-clay/__liferay__/exports/@clayui$core.js"
"apps/frontend-taglib/frontend-taglib-clay/__liferay__/exports/@clayui$pagination.js";"../../../frontend-taglib-clay/__liferay__/exports/@clayui$icon.js"
"apps/frontend-taglib/frontend-taglib-clay/__liferay__/exports/@clayui$pagination.js";"../../../frontend-taglib-clay/__liferay__/exports/@clayui$link.js"
"apps/frontend-taglib/frontend-taglib-clay/__liferay__/exports/@clayui$pagination.js";"../../../frontend-taglib-clay/__liferay__/exports/@clayui$shared.js"
"apps/frontend-taglib/frontend-taglib-clay/__liferay__/exports/@clayui$panel.js";"../../../frontend-js-dependencies-web/__liferay__/exports/react-transition-group.js"
"apps/frontend-taglib/frontend-taglib-clay/__liferay__/exports/@clayui$panel.js";"../../../frontend-js-react-web/__liferay__/exports/classnames.js"
"apps/frontend-taglib/frontend-taglib-clay/__liferay__/exports/@clayui$panel.js";"../../../frontend-js-react-web/__liferay__/exports/react.js"
"apps/frontend-taglib/frontend-taglib-clay/__liferay__/exports/@clayui$panel.js";"../../../frontend-taglib-clay/__liferay__/exports/@clayui$button.js"
"apps/frontend-taglib/frontend-taglib-clay/__liferay__/exports/@clayui$panel.js";"../../../frontend-taglib-clay/__liferay__/exports/@clayui$icon.js"
"apps/frontend-taglib/frontend-taglib-clay/__liferay__/exports/@clayui$panel.js";"../../../frontend-taglib-clay/__liferay__/exports/@clayui$provider.js"
"apps/frontend-taglib/frontend-taglib-clay/__liferay__/exports/@clayui$panel.js";"../../../frontend-taglib-clay/__liferay__/exports/@clayui$shared.js"
"apps/frontend-taglib/frontend-taglib-clay/__liferay__/exports/@clayui$popover.js";"../../../frontend-js-react-web/__liferay__/exports/classnames.js"
"apps/frontend-taglib/frontend-taglib-clay/__liferay__/exports/@clayui$popover.js";"../../../frontend-js-react-web/__liferay__/exports/react.js"
"apps/frontend-taglib/frontend-taglib-clay/__liferay__/exports/@clayui$popover.js";"../../../frontend-taglib-clay/__liferay__/exports/@clayui$shared.js"
"apps/frontend-taglib/frontend-taglib-clay/__liferay__/exports/@clayui$progress-bar.js";"../../../frontend-js-react-web/__liferay__/exports/classnames.js"
"apps/frontend-taglib/frontend-taglib-clay/__liferay__/exports/@clayui$progress-bar.js";"../../../frontend-js-react-web/__liferay__/exports/react.js"
"apps/frontend-taglib/frontend-taglib-clay/__liferay__/exports/@clayui$progress-bar.js";"../../../frontend-taglib-clay/__liferay__/exports/@clayui$icon.js"
"apps/frontend-taglib/frontend-taglib-clay/__liferay__/exports/@clayui$provider.js";"../../../frontend-js-react-web/__liferay__/exports/react.js"
"apps/frontend-taglib/frontend-taglib-clay/__liferay__/exports/@clayui$provider.js";"../../../frontend-taglib-clay/__liferay__/exports/@clayui$icon.js"
"apps/frontend-taglib/frontend-taglib-clay/__liferay__/exports/@clayui$shared.js";"../../../frontend-js-dependencies-web/__liferay__/exports/dom-align.js"
"apps/frontend-taglib/frontend-taglib-clay/__liferay__/exports/@clayui$shared.js";"../../../frontend-js-react-web/__liferay__/exports/classnames.js"
"apps/frontend-taglib/frontend-taglib-clay/__liferay__/exports/@clayui$shared.js";"../../../frontend-js-react-web/__liferay__/exports/react-dom.js"
"apps/frontend-taglib/frontend-taglib-clay/__liferay__/exports/@clayui$shared.js";"../../../frontend-js-react-web/__liferay__/exports/react.js"
"apps/frontend-taglib/frontend-taglib-clay/__liferay__/exports/@clayui$shared.js";"../../../frontend-taglib-clay/__liferay__/exports/@clayui$button.js"
"apps/frontend-taglib/frontend-taglib-clay/__liferay__/exports/@clayui$shared.js";"../../../frontend-taglib-clay/__liferay__/exports/@clayui$link.js"
"apps/frontend-taglib/frontend-taglib-clay/__liferay__/exports/@clayui$shared.js";"../../../frontend-taglib-clay/__liferay__/exports/@clayui$provider.js"
"apps/frontend-taglib/frontend-taglib-clay/__liferay__/exports/@clayui$slider.js";"../../../frontend-js-react-web/__liferay__/exports/classnames.js"
"apps/frontend-taglib/frontend-taglib-clay/__liferay__/exports/@clayui$slider.js";"../../../frontend-js-react-web/__liferay__/exports/react.js"
"apps/frontend-taglib/frontend-taglib-clay/__liferay__/exports/@clayui$slider.js";"../../../frontend-taglib-clay/__liferay__/exports/@clayui$shared.js"
"apps/frontend-taglib/frontend-taglib-clay/__liferay__/exports/@clayui$sticker.js";"../../../frontend-js-react-web/__liferay__/exports/classnames.js"
"apps/frontend-taglib/frontend-taglib-clay/__liferay__/exports/@clayui$sticker.js";"../../../frontend-js-react-web/__liferay__/exports/react.js"
"apps/frontend-taglib/frontend-taglib-clay/__liferay__/exports/@clayui$table.js";"../../../frontend-js-react-web/__liferay__/exports/classnames.js"
"apps/frontend-taglib/frontend-taglib-clay/__liferay__/exports/@clayui$table.js";"../../../frontend-js-react-web/__liferay__/exports/react.js"
"apps/frontend-taglib/frontend-taglib-clay/__liferay__/exports/@clayui$tabs.js";"../../../frontend-js-react-web/__liferay__/exports/classnames.js"
"apps/frontend-taglib/frontend-taglib-clay/__liferay__/exports/@clayui$tabs.js";"../../../frontend-js-react-web/__liferay__/exports/react.js"
"apps/frontend-taglib/frontend-taglib-clay/__liferay__/exports/@clayui$tabs.js";"../../../frontend-taglib-clay/__liferay__/exports/@clayui$shared.js"
"apps/frontend-taglib/frontend-taglib-clay/__liferay__/exports/@clayui$time-picker.js";"../../../frontend-js-react-web/__liferay__/exports/classnames.js"
"apps/frontend-taglib/frontend-taglib-clay/__liferay__/exports/@clayui$time-picker.js";"../../../frontend-js-react-web/__liferay__/exports/react.js"
"apps/frontend-taglib/frontend-taglib-clay/__liferay__/exports/@clayui$time-picker.js";"../../../frontend-taglib-clay/__liferay__/exports/@clayui$button.js"
"apps/frontend-taglib/frontend-taglib-clay/__liferay__/exports/@clayui$time-picker.js";"../../../frontend-taglib-clay/__liferay__/exports/@clayui$form.js"
"apps/frontend-taglib/frontend-taglib-clay/__liferay__/exports/@clayui$time-picker.js";"../../../frontend-taglib-clay/__liferay__/exports/@clayui$icon.js"
"apps/frontend-taglib/frontend-taglib-clay/__liferay__/exports/@clayui$time-picker.js";"../../../frontend-taglib-clay/__liferay__/exports/@clayui$shared.js"
"apps/frontend-taglib/frontend-taglib-clay/__liferay__/exports/@clayui$toolbar.js";"../../../frontend-js-react-web/__liferay__/exports/classnames.js"
"apps/frontend-taglib/frontend-taglib-clay/__liferay__/exports/@clayui$toolbar.js";"../../../frontend-js-react-web/__liferay__/exports/react.js"
"apps/frontend-taglib/frontend-taglib-clay/__liferay__/exports/@clayui$toolbar.js";"../../../frontend-taglib-clay/__liferay__/exports/@clayui$form.js"
"apps/frontend-taglib/frontend-taglib-clay/__liferay__/exports/@clayui$toolbar.js";"../../../frontend-taglib-clay/__liferay__/exports/@clayui$icon.js"
"apps/frontend-taglib/frontend-taglib-clay/__liferay__/exports/@clayui$toolbar.js";"../../../frontend-taglib-clay/__liferay__/exports/@clayui$label.js"
"apps/frontend-taglib/frontend-taglib-clay/__liferay__/exports/@clayui$toolbar.js";"../../../frontend-taglib-clay/__liferay__/exports/@clayui$link.js"
"apps/frontend-taglib/frontend-taglib-clay/__liferay__/exports/@clayui$tooltip.js";"../../../frontend-js-dependencies-web/__liferay__/exports/dom-align.js"
"apps/frontend-taglib/frontend-taglib-clay/__liferay__/exports/@clayui$tooltip.js";"../../../frontend-js-react-web/__liferay__/exports/classnames.js"
"apps/frontend-taglib/frontend-taglib-clay/__liferay__/exports/@clayui$tooltip.js";"../../../frontend-js-react-web/__liferay__/exports/react.js"
"apps/frontend-taglib/frontend-taglib-clay/__liferay__/exports/@clayui$tooltip.js";"../../../frontend-taglib-clay/__liferay__/exports/@clayui$shared.js"
"apps/frontend-taglib/frontend-taglib-clay/__liferay__/exports/@clayui$upper-toolbar.js";"../../../frontend-js-react-web/__liferay__/exports/classnames.js"
"apps/frontend-taglib/frontend-taglib-clay/__liferay__/exports/@clayui$upper-toolbar.js";"../../../frontend-js-react-web/__liferay__/exports/react.js"
"apps/frontend-taglib/frontend-taglib-clay/__liferay__/exports/@clayui$upper-toolbar.js";"../../../frontend-taglib-clay/__liferay__/exports/@clayui$form.js"
"apps/frontend-taglib/frontend-taglib-clay/__liferay__/exports/@clayui$upper-toolbar.js";"../../../frontend-taglib-clay/__liferay__/exports/@clayui$layout.js"
"apps/frontend-taglib/frontend-taglib-clay/__liferay__/index.js";"../../frontend-js-components-web/__liferay__/index.js"
"apps/frontend-taglib/frontend-taglib-clay/__liferay__/index.js";"../../frontend-js-react-web/__liferay__/exports/classnames.js"
"apps/frontend-taglib/frontend-taglib-clay/__liferay__/index.js";"../../frontend-js-react-web/__liferay__/exports/prop-types.js"
"apps/frontend-taglib/frontend-taglib-clay/__liferay__/index.js";"../../frontend-js-react-web/__liferay__/exports/react.js"
"apps/frontend-taglib/frontend-taglib-clay/__liferay__/index.js";"../../frontend-js-web/__liferay__/index.js"
"apps/frontend-taglib/frontend-taglib-clay/__liferay__/index.js";"../../frontend-taglib-clay/__liferay__/exports/@clayui$button.js"
"apps/frontend-taglib/frontend-taglib-clay/__liferay__/index.js";"../../frontend-taglib-clay/__liferay__/exports/@clayui$card.js"
"apps/frontend-taglib/frontend-taglib-clay/__liferay__/index.js";"../../frontend-taglib-clay/__liferay__/exports/@clayui$core.js"
"apps/frontend-taglib/frontend-taglib-clay/__liferay__/index.js";"../../frontend-taglib-clay/__liferay__/exports/@clayui$drop-down.js"
"apps/frontend-taglib/frontend-taglib-clay/__liferay__/index.js";"../../frontend-taglib-clay/__liferay__/exports/@clayui$form.js"
"apps/frontend-taglib/frontend-taglib-clay/__liferay__/index.js";"../../frontend-taglib-clay/__liferay__/exports/@clayui$icon.js"
"apps/frontend-taglib/frontend-taglib-clay/__liferay__/index.js";"../../frontend-taglib-clay/__liferay__/exports/@clayui$label.js"
"apps/frontend-taglib/frontend-taglib-clay/__liferay__/index.js";"../../frontend-taglib-clay/__liferay__/exports/@clayui$layout.js"
"apps/frontend-taglib/frontend-taglib-clay/__liferay__/index.js";"../../frontend-taglib-clay/__liferay__/exports/@clayui$link.js"
"apps/frontend-taglib/frontend-taglib-clay/__liferay__/index.js";"../../frontend-taglib-clay/__liferay__/exports/@clayui$multi-select.js"
"apps/frontend-taglib/frontend-taglib-clay/__liferay__/index.js";"../../frontend-taglib-clay/__liferay__/exports/@clayui$navigation-bar.js"
"apps/frontend-taglib/frontend-taglib-clay/__liferay__/index.js";"../../frontend-taglib-clay/__liferay__/exports/@clayui$pagination-bar.js"
"apps/frontend-taglib/frontend-taglib-clay/__liferay__/index.js";"../../frontend-taglib-clay/__liferay__/exports/@clayui$panel.js"
"apps/frontend-taglib/frontend-taglib-clay/__liferay__/index.js";"../../frontend-taglib-clay/__liferay__/exports/@clayui$shared.js"
"apps/frontend-taglib/frontend-taglib-clay/__liferay__/index.js";"../../frontend-taglib-clay/__liferay__/exports/@clayui$sticker.js"
"apps/frontend-taglib/frontend-taglib-clay/__liferay__/index.js";"../../frontend-taglib-clay/__liferay__/exports/@clayui$tabs.js"
"apps/frontend-taglib/frontend-taglib-clay/__liferay__/index.js";"../../frontend-taglib-clay/__liferay__/exports/@clayui$tooltip.js"
"apps/frontend-taglib/frontend-taglib-clay/__liferay__/index.js";"import(`@liferay/language/${ Liferay.ThemeDisplay.getLanguageId() }/frontend-taglib-clay/all.js`)"
"apps/frontend-taglib/frontend-taglib/__liferay__/index.js";"../../frontend-data-set-web/__liferay__/index.js"
"apps/frontend-taglib/frontend-taglib/__liferay__/index.js";"../../frontend-js-components-web/__liferay__/index.js"
"apps/frontend-taglib/frontend-taglib/__liferay__/index.js";"../../frontend-js-react-web/__liferay__/exports/prop-types.js"
"apps/frontend-taglib/frontend-taglib/__liferay__/index.js";"../../frontend-js-react-web/__liferay__/exports/react.js"
"apps/frontend-taglib/frontend-taglib/__liferay__/index.js";"../../frontend-js-react-web/__liferay__/index.js"
"apps/frontend-taglib/frontend-taglib/__liferay__/index.js";"../../frontend-js-web/__liferay__/index.js"
"apps/frontend-taglib/frontend-taglib/__liferay__/index.js";"../../frontend-taglib-clay/__liferay__/exports/@clayui$alert.js"
"apps/frontend-taglib/frontend-taglib/__liferay__/index.js";"../../frontend-taglib-clay/__liferay__/exports/@clayui$button.js"
"apps/frontend-taglib/frontend-taglib/__liferay__/index.js";"../../frontend-taglib-clay/__liferay__/exports/@clayui$card.js"
"apps/frontend-taglib/frontend-taglib/__liferay__/index.js";"../../frontend-taglib-clay/__liferay__/exports/@clayui$drop-down.js"
"apps/frontend-taglib/frontend-taglib/__liferay__/index.js";"../../frontend-taglib-clay/__liferay__/exports/@clayui$form.js"
"apps/frontend-taglib/frontend-taglib/__liferay__/index.js";"../../frontend-taglib-clay/__liferay__/exports/@clayui$icon.js"
"apps/frontend-taglib/frontend-taglib/__liferay__/index.js";"../../frontend-taglib-clay/__liferay__/exports/@clayui$list.js"
"apps/frontend-taglib/frontend-taglib/__liferay__/index.js";"../../frontend-taglib-clay/__liferay__/exports/@clayui$modal.js"
"apps/frontend-taglib/frontend-taglib/__liferay__/index.js";"../../frontend-taglib-clay/__liferay__/exports/@clayui$tabs.js"
"apps/frontend-taglib/frontend-taglib/__liferay__/index.js";"import(`@liferay/language/${ Liferay.ThemeDisplay.getLanguageId() }/frontend-taglib/all.js`)"
"apps/frontend-theme/frontend-theme-classic-style-guide-sample-web/__liferay__/index.js";"../../frontend-js-react-web/__liferay__/exports/classnames.js"
"apps/frontend-theme/frontend-theme-classic-style-guide-sample-web/__liferay__/index.js";"../../frontend-js-react-web/__liferay__/exports/react.js"
"apps/frontend-theme/frontend-theme-classic-style-guide-sample-web/__liferay__/index.js";"../../frontend-taglib-clay/__liferay__/exports/@clayui$layout.js"
"apps/frontend-theme/frontend-theme-classic-style-guide-sample-web/__liferay__/index.js";"import(`@liferay/language/${ Liferay.ThemeDisplay.getLanguageId() }/frontend-theme-classic-style-guide-sample-web/all.js`)"
"apps/frontend-theme/frontend-theme-dialect-style-guide-sample-web/__liferay__/index.js";"../../frontend-js-react-web/__liferay__/exports/classnames.js"
"apps/frontend-theme/frontend-theme-dialect-style-guide-sample-web/__liferay__/index.js";"../../frontend-js-react-web/__liferay__/exports/react.js"
"apps/frontend-theme/frontend-theme-dialect-style-guide-sample-web/__liferay__/index.js";"../../frontend-taglib-clay/__liferay__/exports/@clayui$button.js"
"apps/frontend-theme/frontend-theme-dialect-style-guide-sample-web/__liferay__/index.js";"../../frontend-taglib-clay/__liferay__/exports/@clayui$card.js"
"apps/frontend-theme/frontend-theme-dialect-style-guide-sample-web/__liferay__/index.js";"../../frontend-taglib-clay/__liferay__/exports/@clayui$form.js"
"apps/frontend-theme/frontend-theme-dialect-style-guide-sample-web/__liferay__/index.js";"../../frontend-taglib-clay/__liferay__/exports/@clayui$icon.js"
"apps/frontend-theme/frontend-theme-dialect-style-guide-sample-web/__liferay__/index.js";"../../frontend-taglib-clay/__liferay__/exports/@clayui$label.js"
"apps/frontend-theme/frontend-theme-dialect-style-guide-sample-web/__liferay__/index.js";"../../frontend-taglib-clay/__liferay__/exports/@clayui$layout.js"
"apps/frontend-theme/frontend-theme-dialect-style-guide-sample-web/__liferay__/index.js";"../../frontend-taglib-clay/__liferay__/exports/@clayui$table.js"
"apps/frontend-theme/frontend-theme-dialect-style-guide-sample-web/__liferay__/index.js";"../../frontend-taglib-clay/__liferay__/exports/@clayui$tabs.js"
"apps/frontend-theme/frontend-theme-dialect-style-guide-sample-web/__liferay__/index.js";"import(`@liferay/language/${ Liferay.ThemeDisplay.getLanguageId() }/frontend-theme-dialect-style-guide-sample-web/all.js`)"
"apps/headless/headless-builder/headless-builder-web/__liferay__/index.js";"../../frontend-data-set-web/__liferay__/index.js"
"apps/headless/headless-builder/headless-builder-web/__liferay__/index.js";"../../frontend-js-components-web/__liferay__/index.js"
"apps/headless/headless-builder/headless-builder-web/__liferay__/index.js";"../../frontend-js-react-web/__liferay__/exports/classnames.js"
"apps/headless/headless-builder/headless-builder-web/__liferay__/index.js";"../../frontend-js-react-web/__liferay__/exports/react.js"
"apps/headless/headless-builder/headless-builder-web/__liferay__/index.js";"../../frontend-js-web/__liferay__/index.js"
"apps/headless/headless-builder/headless-builder-web/__liferay__/index.js";"../../frontend-taglib-clay/__liferay__/exports/@clayui$alert.js"
"apps/headless/headless-builder/headless-builder-web/__liferay__/index.js";"../../frontend-taglib-clay/__liferay__/exports/@clayui$breadcrumb.js"
"apps/headless/headless-builder/headless-builder-web/__liferay__/index.js";"../../frontend-taglib-clay/__liferay__/exports/@clayui$button.js"
"apps/headless/headless-builder/headless-builder-web/__liferay__/index.js";"../../frontend-taglib-clay/__liferay__/exports/@clayui$card.js"
"apps/headless/headless-builder/headless-builder-web/__liferay__/index.js";"../../frontend-taglib-clay/__liferay__/exports/@clayui$core.js"
"apps/headless/headless-builder/headless-builder-web/__liferay__/index.js";"../../frontend-taglib-clay/__liferay__/exports/@clayui$drop-down.js"
"apps/headless/headless-builder/headless-builder-web/__liferay__/index.js";"../../frontend-taglib-clay/__liferay__/exports/@clayui$form.js"
"apps/headless/headless-builder/headless-builder-web/__liferay__/index.js";"../../frontend-taglib-clay/__liferay__/exports/@clayui$icon.js"
"apps/headless/headless-builder/headless-builder-web/__liferay__/index.js";"../../frontend-taglib-clay/__liferay__/exports/@clayui$label.js"
"apps/headless/headless-builder/headless-builder-web/__liferay__/index.js";"../../frontend-taglib-clay/__liferay__/exports/@clayui$layout.js"
"apps/headless/headless-builder/headless-builder-web/__liferay__/index.js";"../../frontend-taglib-clay/__liferay__/exports/@clayui$management-toolbar.js"
"apps/headless/headless-builder/headless-builder-web/__liferay__/index.js";"../../frontend-taglib-clay/__liferay__/exports/@clayui$modal.js"
"apps/headless/headless-builder/headless-builder-web/__liferay__/index.js";"../../frontend-taglib-clay/__liferay__/exports/@clayui$navigation-bar.js"
"apps/headless/headless-builder/headless-builder-web/__liferay__/index.js";"../../frontend-taglib-clay/__liferay__/exports/@clayui$panel.js"
"apps/headless/headless-builder/headless-builder-web/__liferay__/index.js";"../../frontend-taglib-clay/__liferay__/exports/@clayui$tabs.js"
"apps/headless/headless-builder/headless-builder-web/__liferay__/index.js";"../../frontend-taglib-clay/__liferay__/exports/@clayui$tooltip.js"
"apps/headless/headless-builder/headless-builder-web/__liferay__/index.js";"import(`@liferay/language/${ Liferay.ThemeDisplay.getLanguageId() }/headless-builder-web/all.js`)"
"apps/invitation/invitation-invite-members-web/__liferay__/index.js";"../../frontend-js-react-web/__liferay__/exports/react.js"
"apps/invitation/invitation-invite-members-web/__liferay__/index.js";"../../frontend-js-web/__liferay__/index.js"
"apps/invitation/invitation-invite-members-web/__liferay__/index.js";"../../frontend-taglib-clay/__liferay__/exports/@clayui$button.js"
"apps/invitation/invitation-invite-members-web/__liferay__/index.js";"../../frontend-taglib-clay/__liferay__/exports/@clayui$core.js"
"apps/invitation/invitation-invite-members-web/__liferay__/index.js";"../../frontend-taglib-clay/__liferay__/exports/@clayui$form.js"
"apps/invitation/invitation-invite-members-web/__liferay__/index.js";"../../frontend-taglib-clay/__liferay__/exports/@clayui$icon.js"
"apps/invitation/invitation-invite-members-web/__liferay__/index.js";"../../frontend-taglib-clay/__liferay__/exports/@clayui$list.js"
"apps/invitation/invitation-invite-members-web/__liferay__/index.js";"../../frontend-taglib-clay/__liferay__/exports/@clayui$modal.js"
"apps/invitation/invitation-invite-members-web/__liferay__/index.js";"../../frontend-taglib-clay/__liferay__/exports/@clayui$table.js"
"apps/invitation/invitation-invite-members-web/__liferay__/index.js";"../../frontend-taglib-clay/__liferay__/exports/@clayui$tooltip.js"
"apps/invitation/invitation-invite-members-web/__liferay__/index.js";"import(`@liferay/language/${ Liferay.ThemeDisplay.getLanguageId() }/invitation-invite-members-web/all.js`)"
"apps/item-selector/item-selector-taglib/__liferay__/index.js";"../../frontend-js-components-web/__liferay__/index.js"
"apps/item-selector/item-selector-taglib/__liferay__/index.js";"../../frontend-js-dependencies-web/__liferay__/exports/cropperjs$dist$cropper.css.js"
"apps/item-selector/item-selector-taglib/__liferay__/index.js";"../../frontend-js-dependencies-web/__liferay__/exports/cropperjs.js"
"apps/item-selector/item-selector-taglib/__liferay__/index.js";"../../frontend-js-dependencies-web/__liferay__/exports/react-dropzone.js"
"apps/item-selector/item-selector-taglib/__liferay__/index.js";"../../frontend-js-react-web/__liferay__/exports/classnames.js"
"apps/item-selector/item-selector-taglib/__liferay__/index.js";"../../frontend-js-react-web/__liferay__/exports/prop-types.js"
"apps/item-selector/item-selector-taglib/__liferay__/index.js";"../../frontend-js-react-web/__liferay__/exports/react.js"
"apps/item-selector/item-selector-taglib/__liferay__/index.js";"../../frontend-js-react-web/__liferay__/index.js"
"apps/item-selector/item-selector-taglib/__liferay__/index.js";"../../frontend-js-state-web/__liferay__/index.js"
"apps/item-selector/item-selector-taglib/__liferay__/index.js";"../../frontend-js-web/__liferay__/index.js"
"apps/item-selector/item-selector-taglib/__liferay__/index.js";"../../frontend-taglib-clay/__liferay__/exports/@clayui$alert.js"
"apps/item-selector/item-selector-taglib/__liferay__/index.js";"../../frontend-taglib-clay/__liferay__/exports/@clayui$button.js"
"apps/item-selector/item-selector-taglib/__liferay__/index.js";"../../frontend-taglib-clay/__liferay__/exports/@clayui$form.js"
"apps/item-selector/item-selector-taglib/__liferay__/index.js";"../../frontend-taglib-clay/__liferay__/exports/@clayui$icon.js"
"apps/item-selector/item-selector-taglib/__liferay__/index.js";"../../frontend-taglib-clay/__liferay__/exports/@clayui$layout.js"
"apps/item-selector/item-selector-taglib/__liferay__/index.js";"../../frontend-taglib-clay/__liferay__/exports/@clayui$modal.js"
"apps/item-selector/item-selector-taglib/__liferay__/index.js";"../../frontend-taglib-clay/__liferay__/exports/@clayui$progress-bar.js"
"apps/item-selector/item-selector-taglib/__liferay__/index.js";"../../frontend-taglib-clay/__liferay__/exports/@clayui$tabs.js"
"apps/item-selector/item-selector-taglib/__liferay__/index.js";"../../frontend-taglib-clay/__liferay__/exports/@clayui$toolbar.js"
"apps/item-selector/item-selector-taglib/__liferay__/index.js";"import(`@liferay/language/${ Liferay.ThemeDisplay.getLanguageId() }/item-selector-taglib/all.js`)"
"apps/item-selector/item-selector-upload-web/__liferay__/index.js";"../../item-selector-taglib/__liferay__/index.js"
"apps/item-selector/item-selector-url-web/__liferay__/index.js";"../../frontend-js-react-web/__liferay__/exports/classnames.js"
"apps/item-selector/item-selector-url-web/__liferay__/index.js";"../../frontend-js-react-web/__liferay__/exports/prop-types.js"
"apps/item-selector/item-selector-url-web/__liferay__/index.js";"../../frontend-js-react-web/__liferay__/exports/react.js"
"apps/item-selector/item-selector-url-web/__liferay__/index.js";"../../frontend-js-react-web/__liferay__/index.js"
"apps/item-selector/item-selector-url-web/__liferay__/index.js";"../../frontend-js-web/__liferay__/index.js"
"apps/item-selector/item-selector-url-web/__liferay__/index.js";"../../frontend-taglib-clay/__liferay__/exports/@clayui$button.js"
"apps/item-selector/item-selector-url-web/__liferay__/index.js";"../../frontend-taglib-clay/__liferay__/exports/@clayui$form.js"
"apps/item-selector/item-selector-url-web/__liferay__/index.js";"../../frontend-taglib-clay/__liferay__/exports/@clayui$loading-indicator.js"
"apps/item-selector/item-selector-url-web/__liferay__/index.js";"import(`@liferay/language/${ Liferay.ThemeDisplay.getLanguageId() }/item-selector-url-web/all.js`)"
"apps/item-selector/item-selector-web/__liferay__/index.js";"../../frontend-js-components-web/__liferay__/index.js"
"apps/item-selector/item-selector-web/__liferay__/index.js";"../../frontend-js-web/__liferay__/index.js"
"apps/journal/journal-article-dynamic-data-mapping-form-field-type/__liferay__/index.js";"../../dynamic-data-mapping-form-field-type/__liferay__/api.js"
"apps/journal/journal-article-dynamic-data-mapping-form-field-type/__liferay__/index.js";"../../frontend-js-components-web/__liferay__/index.js"
"apps/journal/journal-article-dynamic-data-mapping-form-field-type/__liferay__/index.js";"../../frontend-js-react-web/__liferay__/exports/react.js"
"apps/journal/journal-article-dynamic-data-mapping-form-field-type/__liferay__/index.js";"../../frontend-taglib-clay/__liferay__/exports/@clayui$button.js"
"apps/journal/journal-article-dynamic-data-mapping-form-field-type/__liferay__/index.js";"../../frontend-taglib-clay/__liferay__/exports/@clayui$form.js"
"apps/journal/journal-article-dynamic-data-mapping-form-field-type/__liferay__/index.js";"import(`@liferay/language/${ Liferay.ThemeDisplay.getLanguageId() }/journal-article-dynamic-data-mapping-form-field-type/all.js`)"
"apps/journal/journal-content-web/__liferay__/index.js";"../../frontend-js-components-web/__liferay__/index.js"
"apps/journal/journal-content-web/__liferay__/index.js";"../../frontend-js-web/__liferay__/index.js"
"apps/journal/journal-content-web/__liferay__/index.js";"import(`@liferay/language/${ Liferay.ThemeDisplay.getLanguageId() }/journal-content-web/all.js`)"
"apps/journal/journal-taglib/__liferay__/index.js";"../../frontend-js-react-web/__liferay__/exports/react.js"
"apps/journal/journal-taglib/__liferay__/index.js";"../../frontend-js-web/__liferay__/index.js"
"apps/journal/journal-taglib/__liferay__/index.js";"../../frontend-taglib-clay/__liferay__/exports/@clayui$pagination.js"
"apps/journal/journal-web/__liferay__/index.js";"../../frontend-js-components-web/__liferay__/index.js"
"apps/journal/journal-web/__liferay__/index.js";"../../frontend-js-react-web/__liferay__/exports/classnames.js"
"apps/journal/journal-web/__liferay__/index.js";"../../frontend-js-react-web/__liferay__/exports/prop-types.js"
"apps/journal/journal-web/__liferay__/index.js";"../../frontend-js-react-web/__liferay__/exports/react.js"
"apps/journal/journal-web/__liferay__/index.js";"../../frontend-js-react-web/__liferay__/index.js"
"apps/journal/journal-web/__liferay__/index.js";"../../frontend-js-web/__liferay__/index.js"
"apps/journal/journal-web/__liferay__/index.js";"../../frontend-taglib-clay/__liferay__/exports/@clayui$alert.js"
"apps/journal/journal-web/__liferay__/index.js";"../../frontend-taglib-clay/__liferay__/exports/@clayui$button.js"
"apps/journal/journal-web/__liferay__/index.js";"../../frontend-taglib-clay/__liferay__/exports/@clayui$core.js"
"apps/journal/journal-web/__liferay__/index.js";"../../frontend-taglib-clay/__liferay__/exports/@clayui$date-picker.js"
"apps/journal/journal-web/__liferay__/index.js";"../../frontend-taglib-clay/__liferay__/exports/@clayui$drop-down.js"
"apps/journal/journal-web/__liferay__/index.js";"../../frontend-taglib-clay/__liferay__/exports/@clayui$empty-state.js"
"apps/journal/journal-web/__liferay__/index.js";"../../frontend-taglib-clay/__liferay__/exports/@clayui$form.js"
"apps/journal/journal-web/__liferay__/index.js";"../../frontend-taglib-clay/__liferay__/exports/@clayui$icon.js"
"apps/journal/journal-web/__liferay__/index.js";"../../frontend-taglib-clay/__liferay__/exports/@clayui$label.js"
"apps/journal/journal-web/__liferay__/index.js";"../../frontend-taglib-clay/__liferay__/exports/@clayui$layout.js"
"apps/journal/journal-web/__liferay__/index.js";"../../frontend-taglib-clay/__liferay__/exports/@clayui$loading-indicator.js"
"apps/journal/journal-web/__liferay__/index.js";"../../frontend-taglib-clay/__liferay__/exports/@clayui$modal.js"
"apps/journal/journal-web/__liferay__/index.js";"../../frontend-taglib-clay/__liferay__/exports/@clayui$popover.js"
"apps/journal/journal-web/__liferay__/index.js";"../../frontend-taglib-clay/__liferay__/exports/@clayui$table.js"
"apps/journal/journal-web/__liferay__/index.js";"import(`@liferay/language/${ Liferay.ThemeDisplay.getLanguageId() }/journal-web/all.js`)"
"apps/knowledge-base/knowledge-base-web/__liferay__/index.js";"../../frontend-js-components-web/__liferay__/index.js"
"apps/knowledge-base/knowledge-base-web/__liferay__/index.js";"../../frontend-js-react-web/__liferay__/exports/classnames.js"
"apps/knowledge-base/knowledge-base-web/__liferay__/index.js";"../../frontend-js-react-web/__liferay__/exports/prop-types.js"
"apps/knowledge-base/knowledge-base-web/__liferay__/index.js";"../../frontend-js-react-web/__liferay__/exports/react.js"
"apps/knowledge-base/knowledge-base-web/__liferay__/index.js";"../../frontend-js-web/__liferay__/index.js"
"apps/knowledge-base/knowledge-base-web/__liferay__/index.js";"../../frontend-taglib-clay/__liferay__/exports/@clayui$alert.js"
"apps/knowledge-base/knowledge-base-web/__liferay__/index.js";"../../frontend-taglib-clay/__liferay__/exports/@clayui$button.js"
"apps/knowledge-base/knowledge-base-web/__liferay__/index.js";"../../frontend-taglib-clay/__liferay__/exports/@clayui$core.js"
"apps/knowledge-base/knowledge-base-web/__liferay__/index.js";"../../frontend-taglib-clay/__liferay__/exports/@clayui$date-picker.js"
"apps/knowledge-base/knowledge-base-web/__liferay__/index.js";"../../frontend-taglib-clay/__liferay__/exports/@clayui$drop-down.js"
"apps/knowledge-base/knowledge-base-web/__liferay__/index.js";"../../frontend-taglib-clay/__liferay__/exports/@clayui$empty-state.js"
"apps/knowledge-base/knowledge-base-web/__liferay__/index.js";"../../frontend-taglib-clay/__liferay__/exports/@clayui$form.js"
"apps/knowledge-base/knowledge-base-web/__liferay__/index.js";"../../frontend-taglib-clay/__liferay__/exports/@clayui$icon.js"
"apps/knowledge-base/knowledge-base-web/__liferay__/index.js";"../../frontend-taglib-clay/__liferay__/exports/@clayui$link.js"
"apps/knowledge-base/knowledge-base-web/__liferay__/index.js";"../../frontend-taglib-clay/__liferay__/exports/@clayui$list.js"
"apps/knowledge-base/knowledge-base-web/__liferay__/index.js";"../../frontend-taglib-clay/__liferay__/exports/@clayui$modal.js"
"apps/knowledge-base/knowledge-base-web/__liferay__/index.js";"import(`@liferay/language/${ Liferay.ThemeDisplay.getLanguageId() }/knowledge-base-web/all.js`)"
"apps/layout/layout-admin-web/__liferay__/index.js";"../../frontend-icons-web/__liferay__/index.js"
"apps/layout/layout-admin-web/__liferay__/index.js";"../../frontend-js-components-web/__liferay__/index.js"
"apps/layout/layout-admin-web/__liferay__/index.js";"../../frontend-js-react-web/__liferay__/exports/classnames.js"
"apps/layout/layout-admin-web/__liferay__/index.js";"../../frontend-js-react-web/__liferay__/exports/react-dnd-html5-backend.js"
"apps/layout/layout-admin-web/__liferay__/index.js";"../../frontend-js-react-web/__liferay__/exports/react-dnd.js"
"apps/layout/layout-admin-web/__liferay__/index.js";"../../frontend-js-react-web/__liferay__/exports/react.js"
"apps/layout/layout-admin-web/__liferay__/index.js";"../../frontend-js-react-web/__liferay__/index.js"
"apps/layout/layout-admin-web/__liferay__/index.js";"../../frontend-js-web/__liferay__/index.js"
"apps/layout/layout-admin-web/__liferay__/index.js";"../../frontend-taglib-clay/__liferay__/exports/@clayui$alert.js"
"apps/layout/layout-admin-web/__liferay__/index.js";"../../frontend-taglib-clay/__liferay__/exports/@clayui$button.js"
"apps/layout/layout-admin-web/__liferay__/index.js";"../../frontend-taglib-clay/__liferay__/exports/@clayui$card.js"
"apps/layout/layout-admin-web/__liferay__/index.js";"../../frontend-taglib-clay/__liferay__/exports/@clayui$drop-down.js"
"apps/layout/layout-admin-web/__liferay__/index.js";"../../frontend-taglib-clay/__liferay__/exports/@clayui$form.js"
"apps/layout/layout-admin-web/__liferay__/index.js";"../../frontend-taglib-clay/__liferay__/exports/@clayui$icon.js"
"apps/layout/layout-admin-web/__liferay__/index.js";"../../frontend-taglib-clay/__liferay__/exports/@clayui$label.js"
"apps/layout/layout-admin-web/__liferay__/index.js";"../../frontend-taglib-clay/__liferay__/exports/@clayui$layout.js"
"apps/layout/layout-admin-web/__liferay__/index.js";"../../frontend-taglib-clay/__liferay__/exports/@clayui$link.js"
"apps/layout/layout-admin-web/__liferay__/index.js";"../../frontend-taglib-clay/__liferay__/exports/@clayui$loading-indicator.js"
"apps/layout/layout-admin-web/__liferay__/index.js";"../../frontend-taglib-clay/__liferay__/exports/@clayui$modal.js"
"apps/layout/layout-admin-web/__liferay__/index.js";"../../frontend-taglib-clay/__liferay__/exports/@clayui$popover.js"
"apps/layout/layout-admin-web/__liferay__/index.js";"../../frontend-taglib-clay/__liferay__/exports/@clayui$table.js"
"apps/layout/layout-admin-web/__liferay__/index.js";"../../layout-js-components-web/__liferay__/index.js"
"apps/layout/layout-admin-web/__liferay__/index.js";"import(`@liferay/language/${ Liferay.ThemeDisplay.getLanguageId() }/layout-admin-web/all.js`)"
"apps/layout/layout-content-page-editor-web/__liferay__/index.js";"../../frontend-editor-ckeditor-web/__liferay__/index.js"
"apps/layout/layout-content-page-editor-web/__liferay__/index.js";"../../frontend-icons-web/__liferay__/index.js"
"apps/layout/layout-content-page-editor-web/__liferay__/index.js";"../../frontend-js-codemirror-web/__liferay__/index.js"
"apps/layout/layout-content-page-editor-web/__liferay__/index.js";"../../frontend-js-components-web/__liferay__/index.js"
"apps/layout/layout-content-page-editor-web/__liferay__/index.js";"../../frontend-js-dependencies-web/__liferay__/exports/uuid.js"
"apps/layout/layout-content-page-editor-web/__liferay__/index.js";"../../frontend-js-react-web/__liferay__/exports/classnames.js"
"apps/layout/layout-content-page-editor-web/__liferay__/index.js";"../../frontend-js-react-web/__liferay__/exports/prop-types.js"
"apps/layout/layout-content-page-editor-web/__liferay__/index.js";"../../frontend-js-react-web/__liferay__/exports/react-dnd-html5-backend.js"
"apps/layout/layout-content-page-editor-web/__liferay__/index.js";"../../frontend-js-react-web/__liferay__/exports/react-dnd.js"
"apps/layout/layout-content-page-editor-web/__liferay__/index.js";"../../frontend-js-react-web/__liferay__/exports/react-dom.js"
"apps/layout/layout-content-page-editor-web/__liferay__/index.js";"../../frontend-js-react-web/__liferay__/exports/react.js"
"apps/layout/layout-content-page-editor-web/__liferay__/index.js";"../../frontend-js-react-web/__liferay__/index.js"
"apps/layout/layout-content-page-editor-web/__liferay__/index.js";"../../frontend-js-state-web/__liferay__/index.js"
"apps/layout/layout-content-page-editor-web/__liferay__/index.js";"../../frontend-js-state-web/__liferay__/react.js"
"apps/layout/layout-content-page-editor-web/__liferay__/index.js";"../../frontend-js-web/__liferay__/index.js"
"apps/layout/layout-content-page-editor-web/__liferay__/index.js";"../../frontend-taglib-clay/__liferay__/exports/@clayui$alert.js"
"apps/layout/layout-content-page-editor-web/__liferay__/index.js";"../../frontend-taglib-clay/__liferay__/exports/@clayui$breadcrumb.js"
"apps/layout/layout-content-page-editor-web/__liferay__/index.js";"../../frontend-taglib-clay/__liferay__/exports/@clayui$button.js"
"apps/layout/layout-content-page-editor-web/__liferay__/index.js";"../../frontend-taglib-clay/__liferay__/exports/@clayui$card.js"
"apps/layout/layout-content-page-editor-web/__liferay__/index.js";"../../frontend-taglib-clay/__liferay__/exports/@clayui$core.js"
"apps/layout/layout-content-page-editor-web/__liferay__/index.js";"../../frontend-taglib-clay/__liferay__/exports/@clayui$drop-down.js"
"apps/layout/layout-content-page-editor-web/__liferay__/index.js";"../../frontend-taglib-clay/__liferay__/exports/@clayui$empty-state.js"
"apps/layout/layout-content-page-editor-web/__liferay__/index.js";"../../frontend-taglib-clay/__liferay__/exports/@clayui$form.js"
"apps/layout/layout-content-page-editor-web/__liferay__/index.js";"../../frontend-taglib-clay/__liferay__/exports/@clayui$icon.js"
"apps/layout/layout-content-page-editor-web/__liferay__/index.js";"../../frontend-taglib-clay/__liferay__/exports/@clayui$label.js"
"apps/layout/layout-content-page-editor-web/__liferay__/index.js";"../../frontend-taglib-clay/__liferay__/exports/@clayui$layout.js"
"apps/layout/layout-content-page-editor-web/__liferay__/index.js";"../../frontend-taglib-clay/__liferay__/exports/@clayui$link.js"
"apps/layout/layout-content-page-editor-web/__liferay__/index.js";"../../frontend-taglib-clay/__liferay__/exports/@clayui$list.js"
"apps/layout/layout-content-page-editor-web/__liferay__/index.js";"../../frontend-taglib-clay/__liferay__/exports/@clayui$loading-indicator.js"
"apps/layout/layout-content-page-editor-web/__liferay__/index.js";"../../frontend-taglib-clay/__liferay__/exports/@clayui$modal.js"
"apps/layout/layout-content-page-editor-web/__liferay__/index.js";"../../frontend-taglib-clay/__liferay__/exports/@clayui$multi-select.js"
"apps/layout/layout-content-page-editor-web/__liferay__/index.js";"../../frontend-taglib-clay/__liferay__/exports/@clayui$pagination-bar.js"
"apps/layout/layout-content-page-editor-web/__liferay__/index.js";"../../frontend-taglib-clay/__liferay__/exports/@clayui$pagination.js"
"apps/layout/layout-content-page-editor-web/__liferay__/index.js";"../../frontend-taglib-clay/__liferay__/exports/@clayui$panel.js"
"apps/layout/layout-content-page-editor-web/__liferay__/index.js";"../../frontend-taglib-clay/__liferay__/exports/@clayui$popover.js"
"apps/layout/layout-content-page-editor-web/__liferay__/index.js";"../../frontend-taglib-clay/__liferay__/exports/@clayui$shared.js"
"apps/layout/layout-content-page-editor-web/__liferay__/index.js";"../../frontend-taglib-clay/__liferay__/exports/@clayui$sticker.js"
"apps/layout/layout-content-page-editor-web/__liferay__/index.js";"../../frontend-taglib-clay/__liferay__/exports/@clayui$tabs.js"
"apps/layout/layout-content-page-editor-web/__liferay__/index.js";"../../frontend-taglib-clay/__liferay__/exports/@clayui$toolbar.js"
"apps/layout/layout-content-page-editor-web/__liferay__/index.js";"../../frontend-taglib-clay/__liferay__/exports/@clayui$tooltip.js"
"apps/layout/layout-content-page-editor-web/__liferay__/index.js";"../../item-selector-taglib/__liferay__/index.js"
"apps/layout/layout-content-page-editor-web/__liferay__/index.js";"../../layout-js-components-web/__liferay__/index.js"
"apps/layout/layout-content-page-editor-web/__liferay__/index.js";"../../marketplace-js-components-web/__liferay__/index.js"
"apps/layout/layout-content-page-editor-web/__liferay__/index.js";"import(`@liferay/language/${ Liferay.ThemeDisplay.getLanguageId() }/layout-content-page-editor-web/all.js`)"
"apps/layout/layout-dynamic-data-mapping-form-field-type/__liferay__/index.js";"../../dynamic-data-mapping-form-field-type/__liferay__/api.js"
"apps/layout/layout-dynamic-data-mapping-form-field-type/__liferay__/index.js";"../../frontend-js-components-web/__liferay__/index.js"
"apps/layout/layout-dynamic-data-mapping-form-field-type/__liferay__/index.js";"../../frontend-js-react-web/__liferay__/exports/react.js"
"apps/layout/layout-dynamic-data-mapping-form-field-type/__liferay__/index.js";"../../frontend-taglib-clay/__liferay__/exports/@clayui$button.js"
"apps/layout/layout-dynamic-data-mapping-form-field-type/__liferay__/index.js";"../../frontend-taglib-clay/__liferay__/exports/@clayui$form.js"
"apps/layout/layout-dynamic-data-mapping-form-field-type/__liferay__/index.js";"import(`@liferay/language/${ Liferay.ThemeDisplay.getLanguageId() }/layout-dynamic-data-mapping-form-field-type/all.js`)"
"apps/layout/layout-js-components-web/__liferay__/index.js";"../../frontend-js-components-web/__liferay__/index.js"
"apps/layout/layout-js-components-web/__liferay__/index.js";"../../frontend-js-react-web/__liferay__/exports/classnames.js"
"apps/layout/layout-js-components-web/__liferay__/index.js";"../../frontend-js-react-web/__liferay__/exports/prop-types.js"
"apps/layout/layout-js-components-web/__liferay__/index.js";"../../frontend-js-react-web/__liferay__/exports/react-dnd.js"
"apps/layout/layout-js-components-web/__liferay__/index.js";"../../frontend-js-react-web/__liferay__/exports/react-dom.js"
"apps/layout/layout-js-components-web/__liferay__/index.js";"../../frontend-js-react-web/__liferay__/exports/react.js"
"apps/layout/layout-js-components-web/__liferay__/index.js";"../../frontend-js-react-web/__liferay__/index.js"
"apps/layout/layout-js-components-web/__liferay__/index.js";"../../frontend-js-web/__liferay__/index.js"
"apps/layout/layout-js-components-web/__liferay__/index.js";"../../frontend-taglib-clay/__liferay__/exports/@clayui$alert.js"
"apps/layout/layout-js-components-web/__liferay__/index.js";"../../frontend-taglib-clay/__liferay__/exports/@clayui$button.js"
"apps/layout/layout-js-components-web/__liferay__/index.js";"../../frontend-taglib-clay/__liferay__/exports/@clayui$color-picker.js"
"apps/layout/layout-js-components-web/__liferay__/index.js";"../../frontend-taglib-clay/__liferay__/exports/@clayui$core.js"
"apps/layout/layout-js-components-web/__liferay__/index.js";"../../frontend-taglib-clay/__liferay__/exports/@clayui$drop-down.js"
"apps/layout/layout-js-components-web/__liferay__/index.js";"../../frontend-taglib-clay/__liferay__/exports/@clayui$empty-state.js"
"apps/layout/layout-js-components-web/__liferay__/index.js";"../../frontend-taglib-clay/__liferay__/exports/@clayui$form.js"
"apps/layout/layout-js-components-web/__liferay__/index.js";"../../frontend-taglib-clay/__liferay__/exports/@clayui$icon.js"
"apps/layout/layout-js-components-web/__liferay__/index.js";"../../frontend-taglib-clay/__liferay__/exports/@clayui$label.js"
"apps/layout/layout-js-components-web/__liferay__/index.js";"../../frontend-taglib-clay/__liferay__/exports/@clayui$layout.js"
"apps/layout/layout-js-components-web/__liferay__/index.js";"../../frontend-taglib-clay/__liferay__/exports/@clayui$link.js"
"apps/layout/layout-js-components-web/__liferay__/index.js";"../../frontend-taglib-clay/__liferay__/exports/@clayui$loading-indicator.js"
"apps/layout/layout-js-components-web/__liferay__/index.js";"../../frontend-taglib-clay/__liferay__/exports/@clayui$modal.js"
"apps/layout/layout-js-components-web/__liferay__/index.js";"../../frontend-taglib-clay/__liferay__/exports/@clayui$panel.js"
"apps/layout/layout-js-components-web/__liferay__/index.js";"../../frontend-taglib-clay/__liferay__/exports/@clayui$toolbar.js"
"apps/layout/layout-js-components-web/__liferay__/index.js";"../../marketplace-js-components-web/__liferay__/index.js"
"apps/layout/layout-js-components-web/__liferay__/index.js";"import(`@liferay/language/${ Liferay.ThemeDisplay.getLanguageId() }/layout-js-components-web/all.js`)"
"apps/layout/layout-locked-layouts-web/__liferay__/index.js";"../../frontend-js-components-web/__liferay__/index.js"
"apps/layout/layout-locked-layouts-web/__liferay__/index.js";"import(`@liferay/language/${ Liferay.ThemeDisplay.getLanguageId() }/layout-locked-layouts-web/all.js`)"
"apps/layout/layout-page-template-admin-web/__liferay__/index.js";"../../frontend-icons-web/__liferay__/index.js"
"apps/layout/layout-page-template-admin-web/__liferay__/index.js";"../../frontend-js-components-web/__liferay__/index.js"
"apps/layout/layout-page-template-admin-web/__liferay__/index.js";"../../frontend-js-react-web/__liferay__/exports/classnames.js"
"apps/layout/layout-page-template-admin-web/__liferay__/index.js";"../../frontend-js-react-web/__liferay__/exports/react.js"
"apps/layout/layout-page-template-admin-web/__liferay__/index.js";"../../frontend-js-react-web/__liferay__/index.js"
"apps/layout/layout-page-template-admin-web/__liferay__/index.js";"../../frontend-js-web/__liferay__/index.js"
"apps/layout/layout-page-template-admin-web/__liferay__/index.js";"../../frontend-taglib-clay/__liferay__/exports/@clayui$alert.js"
"apps/layout/layout-page-template-admin-web/__liferay__/index.js";"../../frontend-taglib-clay/__liferay__/exports/@clayui$button.js"
"apps/layout/layout-page-template-admin-web/__liferay__/index.js";"../../frontend-taglib-clay/__liferay__/exports/@clayui$icon.js"
"apps/layout/layout-page-template-admin-web/__liferay__/index.js";"../../frontend-taglib-clay/__liferay__/exports/@clayui$modal.js"
"apps/layout/layout-page-template-admin-web/__liferay__/index.js";"../../layout-js-components-web/__liferay__/index.js"
"apps/layout/layout-page-template-admin-web/__liferay__/index.js";"import(`@liferay/language/${ Liferay.ThemeDisplay.getLanguageId() }/layout-page-template-admin-web/all.js`)"
"apps/layout/layout-page-template-item-selector-web/__liferay__/index.js";"../../frontend-js-react-web/__liferay__/exports/react.js"
"apps/layout/layout-page-template-item-selector-web/__liferay__/index.js";"../../frontend-js-web/__liferay__/index.js"
"apps/layout/layout-page-template-item-selector-web/__liferay__/index.js";"../../frontend-taglib-clay/__liferay__/exports/@clayui$core.js"
"apps/layout/layout-page-template-item-selector-web/__liferay__/index.js";"../../frontend-taglib-clay/__liferay__/exports/@clayui$empty-state.js"
"apps/layout/layout-page-template-item-selector-web/__liferay__/index.js";"../../frontend-taglib-clay/__liferay__/exports/@clayui$form.js"
"apps/layout/layout-page-template-item-selector-web/__liferay__/index.js";"../../frontend-taglib-clay/__liferay__/exports/@clayui$icon.js"
"apps/layout/layout-page-template-item-selector-web/__liferay__/index.js";"../../frontend-taglib-clay/__liferay__/exports/@clayui$layout.js"
"apps/layout/layout-page-template-item-selector-web/__liferay__/index.js";"../../layout-js-components-web/__liferay__/index.js"
"apps/layout/layout-page-template-item-selector-web/__liferay__/index.js";"import(`@liferay/language/${ Liferay.ThemeDisplay.getLanguageId() }/layout-page-template-item-selector-web/all.js`)"
"apps/layout/layout-reports-web/__liferay__/index.js";"../../frontend-js-components-web/__liferay__/index.js"
"apps/layout/layout-reports-web/__liferay__/index.js";"../../frontend-js-react-web/__liferay__/exports/classnames.js"
"apps/layout/layout-reports-web/__liferay__/index.js";"../../frontend-js-react-web/__liferay__/exports/prop-types.js"
"apps/layout/layout-reports-web/__liferay__/index.js";"../../frontend-js-react-web/__liferay__/exports/react.js"
"apps/layout/layout-reports-web/__liferay__/index.js";"../../frontend-js-react-web/__liferay__/index.js"
"apps/layout/layout-reports-web/__liferay__/index.js";"../../frontend-js-web/__liferay__/index.js"
"apps/layout/layout-reports-web/__liferay__/index.js";"../../frontend-taglib-clay/__liferay__/exports/@clayui$alert.js"
"apps/layout/layout-reports-web/__liferay__/index.js";"../../frontend-taglib-clay/__liferay__/exports/@clayui$badge.js"
"apps/layout/layout-reports-web/__liferay__/index.js";"../../frontend-taglib-clay/__liferay__/exports/@clayui$button.js"
"apps/layout/layout-reports-web/__liferay__/index.js";"../../frontend-taglib-clay/__liferay__/exports/@clayui$drop-down.js"
"apps/layout/layout-reports-web/__liferay__/index.js";"../../frontend-taglib-clay/__liferay__/exports/@clayui$empty-state.js"
"apps/layout/layout-reports-web/__liferay__/index.js";"../../frontend-taglib-clay/__liferay__/exports/@clayui$icon.js"
"apps/layout/layout-reports-web/__liferay__/index.js";"../../frontend-taglib-clay/__liferay__/exports/@clayui$label.js"
"apps/layout/layout-reports-web/__liferay__/index.js";"../../frontend-taglib-clay/__liferay__/exports/@clayui$layout.js"
"apps/layout/layout-reports-web/__liferay__/index.js";"../../frontend-taglib-clay/__liferay__/exports/@clayui$link.js"
"apps/layout/layout-reports-web/__liferay__/index.js";"../../frontend-taglib-clay/__liferay__/exports/@clayui$list.js"
"apps/layout/layout-reports-web/__liferay__/index.js";"../../frontend-taglib-clay/__liferay__/exports/@clayui$loading-indicator.js"
"apps/layout/layout-reports-web/__liferay__/index.js";"../../frontend-taglib-clay/__liferay__/exports/@clayui$panel.js"
"apps/layout/layout-reports-web/__liferay__/index.js";"../../frontend-taglib-clay/__liferay__/exports/@clayui$popover.js"
"apps/layout/layout-reports-web/__liferay__/index.js";"../../frontend-taglib-clay/__liferay__/exports/@clayui$progress-bar.js"
"apps/layout/layout-reports-web/__liferay__/index.js";"../../frontend-taglib-clay/__liferay__/exports/@clayui$tabs.js"
"apps/layout/layout-reports-web/__liferay__/index.js";"../../frontend-taglib-clay/__liferay__/exports/@clayui$tooltip.js"
"apps/layout/layout-reports-web/__liferay__/index.js";"../../layout-js-components-web/__liferay__/index.js"
"apps/layout/layout-reports-web/__liferay__/index.js";"import(`@liferay/language/${ Liferay.ThemeDisplay.getLanguageId() }/layout-reports-web/all.js`)"
"apps/layout/layout-seo-web/__liferay__/index.js";"../../frontend-js-components-web/__liferay__/index.js"
"apps/layout/layout-seo-web/__liferay__/index.js";"../../frontend-js-react-web/__liferay__/exports/classnames.js"
"apps/layout/layout-seo-web/__liferay__/index.js";"../../frontend-js-react-web/__liferay__/exports/prop-types.js"
"apps/layout/layout-seo-web/__liferay__/index.js";"../../frontend-js-react-web/__liferay__/exports/react.js"
"apps/layout/layout-seo-web/__liferay__/index.js";"../../frontend-js-react-web/__liferay__/index.js"
"apps/layout/layout-seo-web/__liferay__/index.js";"../../frontend-js-web/__liferay__/index.js"
"apps/layout/layout-seo-web/__liferay__/index.js";"../../frontend-taglib-clay/__liferay__/exports/@clayui$button.js"
"apps/layout/layout-seo-web/__liferay__/index.js";"../../frontend-taglib-clay/__liferay__/exports/@clayui$form.js"
"apps/layout/layout-seo-web/__liferay__/index.js";"import(`@liferay/language/${ Liferay.ThemeDisplay.getLanguageId() }/layout-seo-web/all.js`)"
"apps/layout/layout-set-prototype-web/__liferay__/index.js";"../../frontend-js-components-web/__liferay__/index.js"
"apps/layout/layout-set-prototype-web/__liferay__/index.js";"../../frontend-js-react-web/__liferay__/exports/react.js"
"apps/layout/layout-set-prototype-web/__liferay__/index.js";"../../frontend-js-react-web/__liferay__/index.js"
"apps/layout/layout-set-prototype-web/__liferay__/index.js";"../../frontend-js-web/__liferay__/index.js"
"apps/layout/layout-set-prototype-web/__liferay__/index.js";"../../frontend-taglib-clay/__liferay__/exports/@clayui$button.js"
"apps/layout/layout-set-prototype-web/__liferay__/index.js";"../../frontend-taglib-clay/__liferay__/exports/@clayui$link.js"
"apps/layout/layout-set-prototype-web/__liferay__/index.js";"../../frontend-taglib-clay/__liferay__/exports/@clayui$popover.js"
"apps/layout/layout-set-prototype-web/__liferay__/index.js";"import(`@liferay/language/${ Liferay.ThemeDisplay.getLanguageId() }/layout-set-prototype-web/all.js`)"
"apps/layout/layout-taglib/__liferay__/index.js";"../../frontend-js-components-web/__liferay__/index.js"
"apps/layout/layout-taglib/__liferay__/index.js";"../../frontend-js-react-web/__liferay__/exports/classnames.js"
"apps/layout/layout-taglib/__liferay__/index.js";"../../frontend-js-react-web/__liferay__/exports/prop-types.js"
"apps/layout/layout-taglib/__liferay__/index.js";"../../frontend-js-react-web/__liferay__/exports/react.js"
"apps/layout/layout-taglib/__liferay__/index.js";"../../frontend-js-web/__liferay__/index.js"
"apps/layout/layout-taglib/__liferay__/index.js";"../../frontend-taglib-clay/__liferay__/exports/@clayui$button.js"
"apps/layout/layout-taglib/__liferay__/index.js";"../../frontend-taglib-clay/__liferay__/exports/@clayui$core.js"
"apps/layout/layout-taglib/__liferay__/index.js";"../../frontend-taglib-clay/__liferay__/exports/@clayui$empty-state.js"
"apps/layout/layout-taglib/__liferay__/index.js";"../../frontend-taglib-clay/__liferay__/exports/@clayui$form.js"
"apps/layout/layout-taglib/__liferay__/index.js";"../../frontend-taglib-clay/__liferay__/exports/@clayui$icon.js"
"apps/layout/layout-taglib/__liferay__/index.js";"../../frontend-taglib-clay/__liferay__/exports/@clayui$layout.js"
"apps/layout/layout-taglib/__liferay__/index.js";"../../frontend-taglib-clay/__liferay__/exports/@clayui$loading-indicator.js"
"apps/layout/layout-taglib/__liferay__/index.js";"../../frontend-taglib-clay/__liferay__/exports/@clayui$pagination.js"
"apps/layout/layout-taglib/__liferay__/index.js";"../../frontend-taglib-clay/__liferay__/exports/@clayui$table.js"
"apps/layout/layout-taglib/__liferay__/index.js";"import(`@liferay/language/${ Liferay.ThemeDisplay.getLanguageId() }/layout-taglib/all.js`)"
"apps/layout/layout-taglib/__liferay__/render.js";"../../frontend-js-web/__liferay__/index.js"
"apps/layout/layout-taglib/__liferay__/render.js";"import(Liferay.ThemeDisplay.getPathContext() + '/o/frontend-js-components-web/__liferay__/index.js')"
"apps/layout/layout-taglib/__liferay__/render.js";"import(`@liferay/language/${ Liferay.ThemeDisplay.getLanguageId() }/layout-taglib/all.js`)"
"apps/layout/layout-type-controller/layout-type-controller-panel/__liferay__/index.js";"../../frontend-js-react-web/__liferay__/exports/prop-types.js"
"apps/layout/layout-type-controller/layout-type-controller-panel/__liferay__/index.js";"../../frontend-js-react-web/__liferay__/exports/react.js"
"apps/layout/layout-type-controller/layout-type-controller-panel/__liferay__/index.js";"../../frontend-taglib-clay/__liferay__/exports/@clayui$core.js"
"apps/layout/layout-type-controller/layout-type-controller-panel/__liferay__/index.js";"../../frontend-taglib-clay/__liferay__/exports/@clayui$form.js"
"apps/layout/layout-type-controller/layout-type-controller-panel/__liferay__/index.js";"../../frontend-taglib-clay/__liferay__/exports/@clayui$icon.js"
"apps/layout/layout-utility-page/layout-utility-page-terms-of-use/__liferay__/index.js";"../../frontend-js-components-web/__liferay__/index.js"
"apps/layout/layout-utility-page/layout-utility-page-terms-of-use/__liferay__/index.js";"import(`@liferay/language/${ Liferay.ThemeDisplay.getLanguageId() }/layout-utility-page-terms-of-use/all.js`)"
"apps/map/map-common/__liferay__/index.js";"../../frontend-js-web/__liferay__/index.js"
"apps/map/map-google-maps/__liferay__/index.js";"../../frontend-js-web/__liferay__/index.js"
"apps/map/map-google-maps/__liferay__/index.js";"../../map-common/__liferay__/index.js"
"apps/map/map-openstreetmap/__liferay__/index.js";"../../frontend-js-web/__liferay__/index.js"
"apps/map/map-openstreetmap/__liferay__/index.js";"../../map-common/__liferay__/index.js"
"apps/marketplace/marketplace-js-components-web/__liferay__/index.js";"../../frontend-js-react-web/__liferay__/exports/classnames.js"
"apps/marketplace/marketplace-js-components-web/__liferay__/index.js";"../../frontend-js-react-web/__liferay__/exports/react.js"
"apps/marketplace/marketplace-js-components-web/__liferay__/index.js";"../../frontend-js-web/__liferay__/index.js"
"apps/marketplace/marketplace-js-components-web/__liferay__/index.js";"../../frontend-taglib-clay/__liferay__/exports/@clayui$button.js"
"apps/marketplace/marketplace-js-components-web/__liferay__/index.js";"../../frontend-taglib-clay/__liferay__/exports/@clayui$card.js"
"apps/marketplace/marketplace-js-components-web/__liferay__/index.js";"../../frontend-taglib-clay/__liferay__/exports/@clayui$drop-down.js"
"apps/marketplace/marketplace-js-components-web/__liferay__/index.js";"../../frontend-taglib-clay/__liferay__/exports/@clayui$empty-state.js"
"apps/marketplace/marketplace-js-components-web/__liferay__/index.js";"../../frontend-taglib-clay/__liferay__/exports/@clayui$form.js"
"apps/marketplace/marketplace-js-components-web/__liferay__/index.js";"../../frontend-taglib-clay/__liferay__/exports/@clayui$icon.js"
"apps/marketplace/marketplace-js-components-web/__liferay__/index.js";"../../frontend-taglib-clay/__liferay__/exports/@clayui$loading-indicator.js"
"apps/marketplace/marketplace-js-components-web/__liferay__/index.js";"../../frontend-taglib-clay/__liferay__/exports/@clayui$management-toolbar.js"
"apps/marketplace/marketplace-js-components-web/__liferay__/index.js";"../../frontend-taglib-clay/__liferay__/exports/@clayui$modal.js"
"apps/marketplace/marketplace-js-components-web/__liferay__/index.js";"../../frontend-taglib-clay/__liferay__/exports/@clayui$pagination-bar.js"
"apps/marketplace/marketplace-js-components-web/__liferay__/index.js";"../../marketplace-js-components-web/__liferay__/index.js"
"apps/marketplace/marketplace-js-components-web/__liferay__/index.js";"import(`@liferay/language/${ Liferay.ThemeDisplay.getLanguageId() }/marketplace-js-components-web/all.js`)"
"apps/marketplace/marketplace-settings-web/__liferay__/index.js";"../../frontend-js-components-web/__liferay__/index.js"
"apps/marketplace/marketplace-settings-web/__liferay__/index.js";"../../frontend-js-dependencies-web/__liferay__/exports/pkce-challenge.js"
"apps/marketplace/marketplace-settings-web/__liferay__/index.js";"../../frontend-js-react-web/__liferay__/exports/react.js"
"apps/marketplace/marketplace-settings-web/__liferay__/index.js";"../../frontend-js-web/__liferay__/index.js"
"apps/marketplace/marketplace-settings-web/__liferay__/index.js";"../../frontend-taglib-clay/__liferay__/exports/@clayui$alert.js"
"apps/marketplace/marketplace-settings-web/__liferay__/index.js";"../../frontend-taglib-clay/__liferay__/exports/@clayui$button.js"
"apps/marketplace/marketplace-settings-web/__liferay__/index.js";"../../frontend-taglib-clay/__liferay__/exports/@clayui$loading-indicator.js"
"apps/marketplace/marketplace-settings-web/__liferay__/index.js";"../../frontend-taglib-clay/__liferay__/exports/@clayui$multi-step-nav.js"
"apps/marketplace/marketplace-settings-web/__liferay__/index.js";"import(`@liferay/language/${ Liferay.ThemeDisplay.getLanguageId() }/marketplace-settings-web/all.js`)"
"apps/message-boards/message-boards-web/__liferay__/index.js";"../../frontend-js-components-web/__liferay__/index.js"
"apps/message-boards/message-boards-web/__liferay__/index.js";"../../frontend-js-web/__liferay__/index.js"
"apps/message-boards/message-boards-web/__liferay__/index.js";"import(`@liferay/language/${ Liferay.ThemeDisplay.getLanguageId() }/message-boards-web/all.js`)"
"apps/my-subscriptions/my-subscriptions-web/__liferay__/index.js";"../../frontend-js-web/__liferay__/index.js"
"apps/notification/notification-web/__liferay__/index.js";"../../frontend-data-set-web/__liferay__/index.js"
"apps/notification/notification-web/__liferay__/index.js";"../../frontend-js-components-web/__liferay__/index.js"
"apps/notification/notification-web/__liferay__/index.js";"../../frontend-js-react-web/__liferay__/exports/classnames.js"
"apps/notification/notification-web/__liferay__/index.js";"../../frontend-js-react-web/__liferay__/exports/react.js"
"apps/notification/notification-web/__liferay__/index.js";"../../frontend-js-web/__liferay__/index.js"
"apps/notification/notification-web/__liferay__/index.js";"../../frontend-taglib-clay/__liferay__/exports/@clayui$alert.js"
"apps/notification/notification-web/__liferay__/index.js";"../../frontend-taglib-clay/__liferay__/exports/@clayui$core.js"
"apps/notification/notification-web/__liferay__/index.js";"../../frontend-taglib-clay/__liferay__/exports/@clayui$form.js"
"apps/notification/notification-web/__liferay__/index.js";"../../frontend-taglib-clay/__liferay__/exports/@clayui$icon.js"
"apps/notification/notification-web/__liferay__/index.js";"../../frontend-taglib-clay/__liferay__/exports/@clayui$loading-indicator.js"
"apps/notification/notification-web/__liferay__/index.js";"../../frontend-taglib-clay/__liferay__/exports/@clayui$panel.js"
"apps/notification/notification-web/__liferay__/index.js";"../../frontend-taglib-clay/__liferay__/exports/@clayui$popover.js"
"apps/notification/notification-web/__liferay__/index.js";"../../frontend-taglib-clay/__liferay__/exports/@clayui$tooltip.js"
"apps/notification/notification-web/__liferay__/index.js";"../../object-js-components-web/__liferay__/index.js"
"apps/notification/notification-web/__liferay__/index.js";"import(`@liferay/language/${ Liferay.ThemeDisplay.getLanguageId() }/notification-web/all.js`)"
"apps/notifications/notifications-web/__liferay__/index.js";"../../frontend-js-web/__liferay__/index.js"
"apps/oauth2-provider/oauth2-provider-web/__liferay__/client.js";"../../frontend-js-dependencies-web/__liferay__/exports/pkce-challenge.js"
"apps/oauth2-provider/oauth2-provider-web/__liferay__/global.js";"../../oauth2-provider-web/__liferay__/client.js"
"apps/oauth2-provider/oauth2-provider-web/__liferay__/index.js";"../../frontend-js-components-web/__liferay__/index.js"
"apps/oauth2-provider/oauth2-provider-web/__liferay__/index.js";"../../frontend-js-react-web/__liferay__/exports/react.js"
"apps/oauth2-provider/oauth2-provider-web/__liferay__/index.js";"../../frontend-js-web/__liferay__/index.js"
"apps/oauth2-provider/oauth2-provider-web/__liferay__/index.js";"../../frontend-taglib-clay/__liferay__/exports/@clayui$alert.js"
"apps/oauth2-provider/oauth2-provider-web/__liferay__/index.js";"../../frontend-taglib-clay/__liferay__/exports/@clayui$button.js"
"apps/oauth2-provider/oauth2-provider-web/__liferay__/index.js";"../../frontend-taglib-clay/__liferay__/exports/@clayui$form.js"
"apps/oauth2-provider/oauth2-provider-web/__liferay__/index.js";"../../frontend-taglib-clay/__liferay__/exports/@clayui$icon.js"
"apps/oauth2-provider/oauth2-provider-web/__liferay__/index.js";"../../frontend-taglib-clay/__liferay__/exports/@clayui$modal.js"
"apps/oauth2-provider/oauth2-provider-web/__liferay__/index.js";"import(`@liferay/language/${ Liferay.ThemeDisplay.getLanguageId() }/oauth2-provider-web/all.js`)"
"apps/object/object-dynamic-data-mapping-form-field-type/__liferay__/index.js";"../../data-engine-js-components-web/__liferay__/index.js"
"apps/object/object-dynamic-data-mapping-form-field-type/__liferay__/index.js";"../../dynamic-data-mapping-form-field-type/__liferay__/api.js"
"apps/object/object-dynamic-data-mapping-form-field-type/__liferay__/index.js";"../../dynamic-data-mapping-form-field-type/__liferay__/index.js"
"apps/object/object-dynamic-data-mapping-form-field-type/__liferay__/index.js";"../../frontend-data-set-web/__liferay__/index.js"
"apps/object/object-dynamic-data-mapping-form-field-type/__liferay__/index.js";"../../frontend-js-components-web/__liferay__/index.js"
"apps/object/object-dynamic-data-mapping-form-field-type/__liferay__/index.js";"../../frontend-js-react-web/__liferay__/exports/react.js"
"apps/object/object-dynamic-data-mapping-form-field-type/__liferay__/index.js";"../../frontend-js-web/__liferay__/index.js"
"apps/object/object-dynamic-data-mapping-form-field-type/__liferay__/index.js";"../../frontend-taglib-clay/__liferay__/exports/@clayui$autocomplete.js"
"apps/object/object-dynamic-data-mapping-form-field-type/__liferay__/index.js";"../../frontend-taglib-clay/__liferay__/exports/@clayui$button.js"
"apps/object/object-dynamic-data-mapping-form-field-type/__liferay__/index.js";"../../frontend-taglib-clay/__liferay__/exports/@clayui$drop-down.js"
"apps/object/object-dynamic-data-mapping-form-field-type/__liferay__/index.js";"../../frontend-taglib-clay/__liferay__/exports/@clayui$form.js"
"apps/object/object-dynamic-data-mapping-form-field-type/__liferay__/index.js";"../../frontend-taglib-clay/__liferay__/exports/@clayui$icon.js"
"apps/object/object-dynamic-data-mapping-form-field-type/__liferay__/index.js";"../../frontend-taglib-clay/__liferay__/exports/@clayui$loading-indicator.js"
"apps/object/object-dynamic-data-mapping-form-field-type/__liferay__/index.js";"../../frontend-taglib-clay/__liferay__/exports/@clayui$shared.js"
"apps/object/object-dynamic-data-mapping-form-field-type/__liferay__/index.js";"../../object-js-components-web/__liferay__/index.js"
"apps/object/object-dynamic-data-mapping-form-field-type/__liferay__/index.js";"import(`@liferay/language/${ Liferay.ThemeDisplay.getLanguageId() }/object-dynamic-data-mapping-form-field-type/all.js`)"
"apps/object/object-js-components-web/__liferay__/index.js";"../../frontend-editor-ckeditor-web/__liferay__/index.js"
"apps/object/object-js-components-web/__liferay__/index.js";"../../frontend-js-codemirror-web/__liferay__/index.js"
"apps/object/object-js-components-web/__liferay__/index.js";"../../frontend-js-components-web/__liferay__/index.js"
"apps/object/object-js-components-web/__liferay__/index.js";"../../frontend-js-dependencies-web/__liferay__/exports/moment$min$moment-with-locales.js"
"apps/object/object-js-components-web/__liferay__/index.js";"../../frontend-js-dependencies-web/__liferay__/exports/text-mask-core.js"
"apps/object/object-js-components-web/__liferay__/index.js";"../../frontend-js-react-web/__liferay__/exports/classnames.js"
"apps/object/object-js-components-web/__liferay__/index.js";"../../frontend-js-react-web/__liferay__/exports/react-dnd-html5-backend.js"
"apps/object/object-js-components-web/__liferay__/index.js";"../../frontend-js-react-web/__liferay__/exports/react-dnd.js"
"apps/object/object-js-components-web/__liferay__/index.js";"../../frontend-js-react-web/__liferay__/exports/react.js"
"apps/object/object-js-components-web/__liferay__/index.js";"../../frontend-js-web/__liferay__/index.js"
"apps/object/object-js-components-web/__liferay__/index.js";"../../frontend-taglib-clay/__liferay__/exports/@clayui$alert.js"
"apps/object/object-js-components-web/__liferay__/index.js";"../../frontend-taglib-clay/__liferay__/exports/@clayui$autocomplete.js"
"apps/object/object-js-components-web/__liferay__/index.js";"../../frontend-taglib-clay/__liferay__/exports/@clayui$button.js"
"apps/object/object-js-components-web/__liferay__/index.js";"../../frontend-taglib-clay/__liferay__/exports/@clayui$core.js"
"apps/object/object-js-components-web/__liferay__/index.js";"../../frontend-taglib-clay/__liferay__/exports/@clayui$date-picker.js"
"apps/object/object-js-components-web/__liferay__/index.js";"../../frontend-taglib-clay/__liferay__/exports/@clayui$drop-down.js"
"apps/object/object-js-components-web/__liferay__/index.js";"../../frontend-taglib-clay/__liferay__/exports/@clayui$empty-state.js"
"apps/object/object-js-components-web/__liferay__/index.js";"../../frontend-taglib-clay/__liferay__/exports/@clayui$form.js"
"apps/object/object-js-components-web/__liferay__/index.js";"../../frontend-taglib-clay/__liferay__/exports/@clayui$icon.js"
"apps/object/object-js-components-web/__liferay__/index.js";"../../frontend-taglib-clay/__liferay__/exports/@clayui$label.js"
"apps/object/object-js-components-web/__liferay__/index.js";"../../frontend-taglib-clay/__liferay__/exports/@clayui$layout.js"
"apps/object/object-js-components-web/__liferay__/index.js";"../../frontend-taglib-clay/__liferay__/exports/@clayui$list.js"
"apps/object/object-js-components-web/__liferay__/index.js";"../../frontend-taglib-clay/__liferay__/exports/@clayui$loading-indicator.js"
"apps/object/object-js-components-web/__liferay__/index.js";"../../frontend-taglib-clay/__liferay__/exports/@clayui$management-toolbar.js"
"apps/object/object-js-components-web/__liferay__/index.js";"../../frontend-taglib-clay/__liferay__/exports/@clayui$modal.js"
"apps/object/object-js-components-web/__liferay__/index.js";"../../frontend-taglib-clay/__liferay__/exports/@clayui$multi-select.js"
"apps/object/object-js-components-web/__liferay__/index.js";"../../frontend-taglib-clay/__liferay__/exports/@clayui$panel.js"
"apps/object/object-js-components-web/__liferay__/index.js";"../../frontend-taglib-clay/__liferay__/exports/@clayui$popover.js"
"apps/object/object-js-components-web/__liferay__/index.js";"../../frontend-taglib-clay/__liferay__/exports/@clayui$tooltip.js"
"apps/object/object-js-components-web/__liferay__/index.js";"import(`@liferay/language/${ Liferay.ThemeDisplay.getLanguageId() }/object-js-components-web/all.js`)"
"apps/object/object-web/__liferay__/index.js";"../../friendly-url-web/__liferay__/index.js"
"apps/object/object-web/__liferay__/index.js";"../../frontend-data-set-web/__liferay__/index.js"
"apps/object/object-web/__liferay__/index.js";"../../frontend-js-components-web/__liferay__/index.js"
"apps/object/object-web/__liferay__/index.js";"../../frontend-js-dependencies-web/__liferay__/exports/moment$min$moment-with-locales.js"
"apps/object/object-web/__liferay__/index.js";"../../frontend-js-dependencies-web/__liferay__/exports/react-flow-renderer.js"
"apps/object/object-web/__liferay__/index.js";"../../frontend-js-dependencies-web/__liferay__/exports/text-mask-core.js"
"apps/object/object-web/__liferay__/index.js";"../../frontend-js-react-web/__liferay__/exports/classnames.js"
"apps/object/object-web/__liferay__/index.js";"../../frontend-js-react-web/__liferay__/exports/react.js"
"apps/object/object-web/__liferay__/index.js";"../../frontend-js-web/__liferay__/index.js"
"apps/object/object-web/__liferay__/index.js";"../../frontend-taglib-clay/__liferay__/exports/@clayui$alert.js"
"apps/object/object-web/__liferay__/index.js";"../../frontend-taglib-clay/__liferay__/exports/@clayui$button.js"
"apps/object/object-web/__liferay__/index.js";"../../frontend-taglib-clay/__liferay__/exports/@clayui$card.js"
"apps/object/object-web/__liferay__/index.js";"../../frontend-taglib-clay/__liferay__/exports/@clayui$core.js"
"apps/object/object-web/__liferay__/index.js";"../../frontend-taglib-clay/__liferay__/exports/@clayui$drop-down.js"
"apps/object/object-web/__liferay__/index.js";"../../frontend-taglib-clay/__liferay__/exports/@clayui$empty-state.js"
"apps/object/object-web/__liferay__/index.js";"../../frontend-taglib-clay/__liferay__/exports/@clayui$form.js"
"apps/object/object-web/__liferay__/index.js";"../../frontend-taglib-clay/__liferay__/exports/@clayui$icon.js"
"apps/object/object-web/__liferay__/index.js";"../../frontend-taglib-clay/__liferay__/exports/@clayui$label.js"
"apps/object/object-web/__liferay__/index.js";"../../frontend-taglib-clay/__liferay__/exports/@clayui$link.js"
"apps/object/object-web/__liferay__/index.js";"../../frontend-taglib-clay/__liferay__/exports/@clayui$list.js"
"apps/object/object-web/__liferay__/index.js";"../../frontend-taglib-clay/__liferay__/exports/@clayui$loading-indicator.js"
"apps/object/object-web/__liferay__/index.js";"../../frontend-taglib-clay/__liferay__/exports/@clayui$modal.js"
"apps/object/object-web/__liferay__/index.js";"../../frontend-taglib-clay/__liferay__/exports/@clayui$panel.js"
"apps/object/object-web/__liferay__/index.js";"../../frontend-taglib-clay/__liferay__/exports/@clayui$popover.js"
"apps/object/object-web/__liferay__/index.js";"../../frontend-taglib-clay/__liferay__/exports/@clayui$tabs.js"
"apps/object/object-web/__liferay__/index.js";"../../frontend-taglib-clay/__liferay__/exports/@clayui$tooltip.js"
"apps/object/object-web/__liferay__/index.js";"../../object-js-components-web/__liferay__/index.js"
"apps/object/object-web/__liferay__/index.js";"import(`@liferay/language/${ Liferay.ThemeDisplay.getLanguageId() }/object-web/all.js`)"
"apps/password-policies-admin/password-policies-admin-web/__liferay__/index.js";"../../frontend-js-components-web/__liferay__/index.js"
"apps/password-policies-admin/password-policies-admin-web/__liferay__/index.js";"../../frontend-js-web/__liferay__/index.js"
"apps/password-policies-admin/password-policies-admin-web/__liferay__/index.js";"import(`@liferay/language/${ Liferay.ThemeDisplay.getLanguageId() }/password-policies-admin-web/all.js`)"
"apps/portal-instances/portal-instances-web/__liferay__/index.js";"../../frontend-js-components-web/__liferay__/index.js"
"apps/portal-instances/portal-instances-web/__liferay__/index.js";"../../frontend-js-web/__liferay__/index.js"
"apps/portal-instances/portal-instances-web/__liferay__/index.js";"import(`@liferay/language/${ Liferay.ThemeDisplay.getLanguageId() }/portal-instances-web/all.js`)"
"apps/portal-search/portal-search-admin-web/__liferay__/index.js";"../../frontend-js-components-web/__liferay__/index.js"
"apps/portal-search/portal-search-admin-web/__liferay__/index.js";"../../frontend-js-react-web/__liferay__/exports/prop-types.js"
"apps/portal-search/portal-search-admin-web/__liferay__/index.js";"../../frontend-js-react-web/__liferay__/exports/react.js"
"apps/portal-search/portal-search-admin-web/__liferay__/index.js";"../../frontend-js-react-web/__liferay__/index.js"
"apps/portal-search/portal-search-admin-web/__liferay__/index.js";"../../frontend-js-web/__liferay__/index.js"
"apps/portal-search/portal-search-admin-web/__liferay__/index.js";"../../frontend-taglib-clay/__liferay__/exports/@clayui$button.js"
"apps/portal-search/portal-search-admin-web/__liferay__/index.js";"../../frontend-taglib-clay/__liferay__/exports/@clayui$drop-down.js"
"apps/portal-search/portal-search-admin-web/__liferay__/index.js";"../../frontend-taglib-clay/__liferay__/exports/@clayui$form.js"
"apps/portal-search/portal-search-admin-web/__liferay__/index.js";"../../frontend-taglib-clay/__liferay__/exports/@clayui$icon.js"
"apps/portal-search/portal-search-admin-web/__liferay__/index.js";"../../frontend-taglib-clay/__liferay__/exports/@clayui$label.js"
"apps/portal-search/portal-search-admin-web/__liferay__/index.js";"../../frontend-taglib-clay/__liferay__/exports/@clayui$layout.js"
"apps/portal-search/portal-search-admin-web/__liferay__/index.js";"../../frontend-taglib-clay/__liferay__/exports/@clayui$list.js"
"apps/portal-search/portal-search-admin-web/__liferay__/index.js";"../../frontend-taglib-clay/__liferay__/exports/@clayui$modal.js"
"apps/portal-search/portal-search-admin-web/__liferay__/index.js";"../../frontend-taglib-clay/__liferay__/exports/@clayui$pagination-bar.js"
"apps/portal-search/portal-search-admin-web/__liferay__/index.js";"../../frontend-taglib-clay/__liferay__/exports/@clayui$progress-bar.js"
"apps/portal-search/portal-search-admin-web/__liferay__/index.js";"../../frontend-taglib-clay/__liferay__/exports/@clayui$sticker.js"
"apps/portal-search/portal-search-admin-web/__liferay__/index.js";"../../frontend-taglib-clay/__liferay__/exports/@clayui$toolbar.js"
"apps/portal-search/portal-search-admin-web/__liferay__/index.js";"../../frontend-taglib-clay/__liferay__/exports/@clayui$tooltip.js"
"apps/portal-search/portal-search-admin-web/__liferay__/index.js";"import(`@liferay/language/${ Liferay.ThemeDisplay.getLanguageId() }/portal-search-admin-web/all.js`)"
"apps/portal-search/portal-search-web/__liferay__/index.js";"../../frontend-js-codemirror-web/__liferay__/index.js"
"apps/portal-search/portal-search-web/__liferay__/index.js";"../../frontend-js-components-web/__liferay__/index.js"
"apps/portal-search/portal-search-web/__liferay__/index.js";"../../frontend-js-dependencies-web/__liferay__/exports/clipboard.js"
"apps/portal-search/portal-search-web/__liferay__/index.js";"../../frontend-js-react-web/__liferay__/exports/classnames.js"
"apps/portal-search/portal-search-web/__liferay__/index.js";"../../frontend-js-react-web/__liferay__/exports/formik.js"
"apps/portal-search/portal-search-web/__liferay__/index.js";"../../frontend-js-react-web/__liferay__/exports/react-dnd-html5-backend.js"
"apps/portal-search/portal-search-web/__liferay__/index.js";"../../frontend-js-react-web/__liferay__/exports/react-dnd.js"
"apps/portal-search/portal-search-web/__liferay__/index.js";"../../frontend-js-react-web/__liferay__/exports/react.js"
"apps/portal-search/portal-search-web/__liferay__/index.js";"../../frontend-js-web/__liferay__/index.js"
"apps/portal-search/portal-search-web/__liferay__/index.js";"../../frontend-taglib-clay/__liferay__/exports/@clayui$alert.js"
"apps/portal-search/portal-search-web/__liferay__/index.js";"../../frontend-taglib-clay/__liferay__/exports/@clayui$autocomplete.js"
"apps/portal-search/portal-search-web/__liferay__/index.js";"../../frontend-taglib-clay/__liferay__/exports/@clayui$button.js"
"apps/portal-search/portal-search-web/__liferay__/index.js";"../../frontend-taglib-clay/__liferay__/exports/@clayui$core.js"
"apps/portal-search/portal-search-web/__liferay__/index.js";"../../frontend-taglib-clay/__liferay__/exports/@clayui$data-provider.js"
"apps/portal-search/portal-search-web/__liferay__/index.js";"../../frontend-taglib-clay/__liferay__/exports/@clayui$drop-down.js"
"apps/portal-search/portal-search-web/__liferay__/index.js";"../../frontend-taglib-clay/__liferay__/exports/@clayui$empty-state.js"
"apps/portal-search/portal-search-web/__liferay__/index.js";"../../frontend-taglib-clay/__liferay__/exports/@clayui$form.js"
"apps/portal-search/portal-search-web/__liferay__/index.js";"../../frontend-taglib-clay/__liferay__/exports/@clayui$icon.js"
"apps/portal-search/portal-search-web/__liferay__/index.js";"../../frontend-taglib-clay/__liferay__/exports/@clayui$link.js"
"apps/portal-search/portal-search-web/__liferay__/index.js";"../../frontend-taglib-clay/__liferay__/exports/@clayui$loading-indicator.js"
"apps/portal-search/portal-search-web/__liferay__/index.js";"../../frontend-taglib-clay/__liferay__/exports/@clayui$modal.js"
"apps/portal-search/portal-search-web/__liferay__/index.js";"../../frontend-taglib-clay/__liferay__/exports/@clayui$multi-select.js"
"apps/portal-search/portal-search-web/__liferay__/index.js";"../../frontend-taglib-clay/__liferay__/exports/@clayui$pagination-bar.js"
"apps/portal-search/portal-search-web/__liferay__/index.js";"../../frontend-taglib-clay/__liferay__/exports/@clayui$table.js"
"apps/portal-search/portal-search-web/__liferay__/index.js";"../../frontend-taglib-clay/__liferay__/exports/@clayui$tooltip.js"
"apps/portal-search/portal-search-web/__liferay__/index.js";"import(`@liferay/language/${ Liferay.ThemeDisplay.getLanguageId() }/portal-search-web/all.js`)"
"apps/portal-search/portal-search-web/__liferay__/search-bar.js";"../../frontend-js-react-web/__liferay__/exports/classnames.js"
"apps/portal-search/portal-search-web/__liferay__/search-bar.js";"../../frontend-js-react-web/__liferay__/exports/react.js"
"apps/portal-search/portal-search-web/__liferay__/search-bar.js";"../../frontend-js-web/__liferay__/index.js"
"apps/portal-search/portal-search-web/__liferay__/search-bar.js";"../../frontend-taglib-clay/__liferay__/exports/@clayui$autocomplete.js"
"apps/portal-search/portal-search-web/__liferay__/search-bar.js";"../../frontend-taglib-clay/__liferay__/exports/@clayui$button.js"
"apps/portal-search/portal-search-web/__liferay__/search-bar.js";"../../frontend-taglib-clay/__liferay__/exports/@clayui$drop-down.js"
"apps/portal-search/portal-search-web/__liferay__/search-bar.js";"../../frontend-taglib-clay/__liferay__/exports/@clayui$form.js"
"apps/portal-search/portal-search-web/__liferay__/search-bar.js";"../../frontend-taglib-clay/__liferay__/exports/@clayui$icon.js"
"apps/portal-search/portal-search-web/__liferay__/search-bar.js";"../../frontend-taglib-clay/__liferay__/exports/@clayui$loading-indicator.js"
"apps/portal-search/portal-search-web/__liferay__/search-bar.js";"import(`@liferay/language/${ Liferay.ThemeDisplay.getLanguageId() }/portal-search-web/all.js`)"
"apps/portal-security/portal-security-script-management-web/__liferay__/index.js";"../../frontend-js-components-web/__liferay__/index.js"
"apps/portal-security/portal-security-script-management-web/__liferay__/index.js";"../../frontend-js-react-web/__liferay__/exports/react.js"
"apps/portal-security/portal-security-script-management-web/__liferay__/index.js";"../../frontend-js-web/__liferay__/index.js"
"apps/portal-security/portal-security-script-management-web/__liferay__/index.js";"../../frontend-taglib-clay/__liferay__/exports/@clayui$alert.js"
"apps/portal-security/portal-security-script-management-web/__liferay__/index.js";"../../frontend-taglib-clay/__liferay__/exports/@clayui$button.js"
"apps/portal-security/portal-security-script-management-web/__liferay__/index.js";"../../frontend-taglib-clay/__liferay__/exports/@clayui$core.js"
"apps/portal-security/portal-security-script-management-web/__liferay__/index.js";"../../frontend-taglib-clay/__liferay__/exports/@clayui$form.js"
"apps/portal-security/portal-security-script-management-web/__liferay__/index.js";"../../frontend-taglib-clay/__liferay__/exports/@clayui$icon.js"
"apps/portal-security/portal-security-script-management-web/__liferay__/index.js";"../../frontend-taglib-clay/__liferay__/exports/@clayui$link.js"
"apps/portal-security/portal-security-script-management-web/__liferay__/index.js";"../../frontend-taglib-clay/__liferay__/exports/@clayui$modal.js"
"apps/portal-security/portal-security-script-management-web/__liferay__/index.js";"import(`@liferay/language/${ Liferay.ThemeDisplay.getLanguageId() }/portal-security-script-management-web/all.js`)"
"apps/portal-settings/portal-settings-web/__liferay__/index.js";"../../address-web/__liferay__/index.js"
"apps/portal-template/portal-template-react-renderer-impl/__liferay__/index.js";"../../frontend-js-react-web/__liferay__/index.js"
"apps/portal-workflow/portal-workflow-instance-tracker-web/__liferay__/index.js";"../../frontend-js-dependencies-web/__liferay__/exports/dagre.js"
"apps/portal-workflow/portal-workflow-instance-tracker-web/__liferay__/index.js";"../../frontend-js-dependencies-web/__liferay__/exports/react-flow-renderer.js"
"apps/portal-workflow/portal-workflow-instance-tracker-web/__liferay__/index.js";"../../frontend-js-react-web/__liferay__/exports/classnames.js"
"apps/portal-workflow/portal-workflow-instance-tracker-web/__liferay__/index.js";"../../frontend-js-react-web/__liferay__/exports/react.js"
"apps/portal-workflow/portal-workflow-instance-tracker-web/__liferay__/index.js";"../../frontend-js-web/__liferay__/index.js"
"apps/portal-workflow/portal-workflow-instance-tracker-web/__liferay__/index.js";"../../frontend-taglib-clay/__liferay__/exports/@clayui$alert.js"
"apps/portal-workflow/portal-workflow-instance-tracker-web/__liferay__/index.js";"../../frontend-taglib-clay/__liferay__/exports/@clayui$drop-down.js"
"apps/portal-workflow/portal-workflow-instance-tracker-web/__liferay__/index.js";"../../frontend-taglib-clay/__liferay__/exports/@clayui$icon.js"
"apps/portal-workflow/portal-workflow-instance-tracker-web/__liferay__/index.js";"../../frontend-taglib-clay/__liferay__/exports/@clayui$tooltip.js"
"apps/portal-workflow/portal-workflow-instance-tracker-web/__liferay__/index.js";"import(`@liferay/language/${ Liferay.ThemeDisplay.getLanguageId() }/portal-workflow-instance-tracker-web/all.js`)"
"apps/portal-workflow/portal-workflow-taglib/__liferay__/index.js";"../../frontend-js-react-web/__liferay__/exports/react.js"
"apps/portal-workflow/portal-workflow-taglib/__liferay__/index.js";"../../frontend-taglib-clay/__liferay__/exports/@clayui$label.js"
"apps/portal-workflow/portal-workflow-taglib/__liferay__/index.js";"../../frontend-taglib-clay/__liferay__/exports/@clayui$link.js"
"apps/portal-workflow/portal-workflow-taglib/__liferay__/index.js";"../../frontend-taglib-clay/__liferay__/exports/@clayui$modal.js"
"apps/portal-workflow/portal-workflow-taglib/__liferay__/index.js";"../../frontend-taglib-clay/__liferay__/exports/@clayui$tooltip.js"
"apps/portal-workflow/portal-workflow-taglib/__liferay__/index.js";"../../portal-workflow-instance-tracker-web/__liferay__/index.js"
"apps/portal-workflow/portal-workflow-taglib/__liferay__/index.js";"import(`@liferay/language/${ Liferay.ThemeDisplay.getLanguageId() }/portal-workflow-taglib/all.js`)"
"apps/portal-workflow/portal-workflow-task-web/__liferay__/index.js";"../../frontend-js-components-web/__liferay__/index.js"
"apps/portal-workflow/portal-workflow-task-web/__liferay__/index.js";"import(`@liferay/language/${ Liferay.ThemeDisplay.getLanguageId() }/portal-workflow-task-web/all.js`)"
"apps/portal/portal-company-log-web/__liferay__/index.js";"../../frontend-js-dependencies-web/__liferay__/exports/react-router-dom.js"
"apps/portal/portal-company-log-web/__liferay__/index.js";"../../frontend-js-react-web/__liferay__/exports/react.js"
"apps/portal/portal-company-log-web/__liferay__/index.js";"../../frontend-js-web/__liferay__/index.js"
"apps/portal/portal-company-log-web/__liferay__/index.js";"../../frontend-taglib-clay/__liferay__/exports/@clayui$button.js"
"apps/portal/portal-company-log-web/__liferay__/index.js";"../../frontend-taglib-clay/__liferay__/exports/@clayui$icon.js"
"apps/portal/portal-company-log-web/__liferay__/index.js";"../../frontend-taglib-clay/__liferay__/exports/@clayui$label.js"
"apps/portal/portal-company-log-web/__liferay__/index.js";"../../frontend-taglib-clay/__liferay__/exports/@clayui$list.js"
"apps/portal/portal-company-log-web/__liferay__/index.js";"import(`@liferay/language/${ Liferay.ThemeDisplay.getLanguageId() }/portal-company-log-web/all.js`)"
"apps/portal/portal-default-permissions-web/__liferay__/index.js";"../../frontend-js-components-web/__liferay__/index.js"
"apps/portal/portal-default-permissions-web/__liferay__/index.js";"../../frontend-js-web/__liferay__/index.js"
"apps/portal/portal-default-permissions-web/__liferay__/index.js";"import(`@liferay/language/${ Liferay.ThemeDisplay.getLanguageId() }/portal-defaultpermissions-web/all.js`)"
"apps/portlet-configuration/portlet-configuration-css-web/__liferay__/index.js";"../../frontend-js-react-web/__liferay__/exports/react.js"
"apps/portlet-configuration/portlet-configuration-css-web/__liferay__/index.js";"../../frontend-taglib-clay/__liferay__/exports/@clayui$color-picker.js"
"apps/portlet-configuration/portlet-configuration-web/__liferay__/index.js";"../../frontend-js-components-web/__liferay__/index.js"
"apps/portlet-configuration/portlet-configuration-web/__liferay__/index.js";"../../frontend-js-react-web/__liferay__/exports/prop-types.js"
"apps/portlet-configuration/portlet-configuration-web/__liferay__/index.js";"../../frontend-js-react-web/__liferay__/exports/react.js"
"apps/portlet-configuration/portlet-configuration-web/__liferay__/index.js";"../../frontend-js-web/__liferay__/index.js"
"apps/portlet-configuration/portlet-configuration-web/__liferay__/index.js";"../../frontend-taglib-clay/__liferay__/exports/@clayui$form.js"
"apps/portlet-configuration/portlet-configuration-web/__liferay__/index.js";"import(`@liferay/language/${ Liferay.ThemeDisplay.getLanguageId() }/portlet-configuration-web/all.js`)"
"apps/product-navigation/product-navigation-applications-menu-web/__liferay__/index.js";"../../frontend-js-components-web/__liferay__/index.js"
"apps/product-navigation/product-navigation-applications-menu-web/__liferay__/index.js";"../../frontend-js-react-web/__liferay__/exports/classnames.js"
"apps/product-navigation/product-navigation-applications-menu-web/__liferay__/index.js";"../../frontend-js-react-web/__liferay__/exports/prop-types.js"
"apps/product-navigation/product-navigation-applications-menu-web/__liferay__/index.js";"../../frontend-js-react-web/__liferay__/exports/react.js"
"apps/product-navigation/product-navigation-applications-menu-web/__liferay__/index.js";"../../frontend-js-react-web/__liferay__/index.js"
"apps/product-navigation/product-navigation-applications-menu-web/__liferay__/index.js";"../../frontend-js-web/__liferay__/index.js"
"apps/product-navigation/product-navigation-applications-menu-web/__liferay__/index.js";"../../frontend-taglib-clay/__liferay__/exports/@clayui$button.js"
"apps/product-navigation/product-navigation-applications-menu-web/__liferay__/index.js";"../../frontend-taglib-clay/__liferay__/exports/@clayui$icon.js"
"apps/product-navigation/product-navigation-applications-menu-web/__liferay__/index.js";"../../frontend-taglib-clay/__liferay__/exports/@clayui$label.js"
"apps/product-navigation/product-navigation-applications-menu-web/__liferay__/index.js";"../../frontend-taglib-clay/__liferay__/exports/@clayui$layout.js"
"apps/product-navigation/product-navigation-applications-menu-web/__liferay__/index.js";"../../frontend-taglib-clay/__liferay__/exports/@clayui$modal.js"
"apps/product-navigation/product-navigation-applications-menu-web/__liferay__/index.js";"../../frontend-taglib-clay/__liferay__/exports/@clayui$sticker.js"
"apps/product-navigation/product-navigation-applications-menu-web/__liferay__/index.js";"../../frontend-taglib-clay/__liferay__/exports/@clayui$tabs.js"
"apps/product-navigation/product-navigation-applications-menu-web/__liferay__/index.js";"import(`@liferay/language/${ Liferay.ThemeDisplay.getLanguageId() }/product-navigation-applications-menu-web/all.js`)"
"apps/product-navigation/product-navigation-control-menu-web/__liferay__/index.js";"../../frontend-js-components-web/__liferay__/index.js"
"apps/product-navigation/product-navigation-control-menu-web/__liferay__/index.js";"../../frontend-js-react-web/__liferay__/exports/classnames.js"
"apps/product-navigation/product-navigation-control-menu-web/__liferay__/index.js";"../../frontend-js-react-web/__liferay__/exports/prop-types.js"
"apps/product-navigation/product-navigation-control-menu-web/__liferay__/index.js";"../../frontend-js-react-web/__liferay__/exports/react-dnd-html5-backend.js"
"apps/product-navigation/product-navigation-control-menu-web/__liferay__/index.js";"../../frontend-js-react-web/__liferay__/exports/react-dnd.js"
"apps/product-navigation/product-navigation-control-menu-web/__liferay__/index.js";"../../frontend-js-react-web/__liferay__/exports/react.js"
"apps/product-navigation/product-navigation-control-menu-web/__liferay__/index.js";"../../frontend-js-react-web/__liferay__/index.js"
"apps/product-navigation/product-navigation-control-menu-web/__liferay__/index.js";"../../frontend-js-web/__liferay__/index.js"
"apps/product-navigation/product-navigation-control-menu-web/__liferay__/index.js";"../../frontend-taglib-clay/__liferay__/exports/@clayui$alert.js"
"apps/product-navigation/product-navigation-control-menu-web/__liferay__/index.js";"../../frontend-taglib-clay/__liferay__/exports/@clayui$button.js"
"apps/product-navigation/product-navigation-control-menu-web/__liferay__/index.js";"../../frontend-taglib-clay/__liferay__/exports/@clayui$drop-down.js"
"apps/product-navigation/product-navigation-control-menu-web/__liferay__/index.js";"../../frontend-taglib-clay/__liferay__/exports/@clayui$form.js"
"apps/product-navigation/product-navigation-control-menu-web/__liferay__/index.js";"../../frontend-taglib-clay/__liferay__/exports/@clayui$icon.js"
"apps/product-navigation/product-navigation-control-menu-web/__liferay__/index.js";"../../frontend-taglib-clay/__liferay__/exports/@clayui$panel.js"
"apps/product-navigation/product-navigation-control-menu-web/__liferay__/index.js";"../../frontend-taglib-clay/__liferay__/exports/@clayui$tabs.js"
"apps/product-navigation/product-navigation-control-menu-web/__liferay__/index.js";"../../layout-js-components-web/__liferay__/index.js"
"apps/product-navigation/product-navigation-control-menu-web/__liferay__/index.js";"import(`@liferay/language/${ Liferay.ThemeDisplay.getLanguageId() }/product-navigation-control-menu-web/all.js`)"
"apps/product-navigation/product-navigation-product-menu-web/__liferay__/index.js";"../../frontend-js-components-web/__liferay__/index.js"
"apps/product-navigation/product-navigation-product-menu-web/__liferay__/index.js";"../../frontend-js-react-web/__liferay__/exports/classnames.js"
"apps/product-navigation/product-navigation-product-menu-web/__liferay__/index.js";"../../frontend-js-react-web/__liferay__/exports/prop-types.js"
"apps/product-navigation/product-navigation-product-menu-web/__liferay__/index.js";"../../frontend-js-react-web/__liferay__/exports/react.js"
"apps/product-navigation/product-navigation-product-menu-web/__liferay__/index.js";"../../frontend-js-web/__liferay__/index.js"
"apps/product-navigation/product-navigation-product-menu-web/__liferay__/index.js";"../../frontend-taglib-clay/__liferay__/exports/@clayui$button.js"
"apps/product-navigation/product-navigation-product-menu-web/__liferay__/index.js";"../../frontend-taglib-clay/__liferay__/exports/@clayui$core.js"
"apps/product-navigation/product-navigation-product-menu-web/__liferay__/index.js";"../../frontend-taglib-clay/__liferay__/exports/@clayui$drop-down.js"
"apps/product-navigation/product-navigation-product-menu-web/__liferay__/index.js";"../../frontend-taglib-clay/__liferay__/exports/@clayui$icon.js"
"apps/product-navigation/product-navigation-product-menu-web/__liferay__/index.js";"../../frontend-taglib-clay/__liferay__/exports/@clayui$link.js"
"apps/product-navigation/product-navigation-product-menu-web/__liferay__/index.js";"../../frontend-taglib-clay/__liferay__/exports/@clayui$loading-indicator.js"
"apps/product-navigation/product-navigation-product-menu-web/__liferay__/index.js";"import(`@liferay/language/${ Liferay.ThemeDisplay.getLanguageId() }/product-navigation-product-menu-web/all.js`)"
"apps/product-navigation/product-navigation-simulation-device/__liferay__/index.js";"../../frontend-js-components-web/__liferay__/index.js"
"apps/product-navigation/product-navigation-simulation-device/__liferay__/index.js";"../../frontend-js-react-web/__liferay__/exports/classnames.js"
"apps/product-navigation/product-navigation-simulation-device/__liferay__/index.js";"../../frontend-js-react-web/__liferay__/exports/prop-types.js"
"apps/product-navigation/product-navigation-simulation-device/__liferay__/index.js";"../../frontend-js-react-web/__liferay__/exports/react.js"
"apps/product-navigation/product-navigation-simulation-device/__liferay__/index.js";"../../frontend-js-react-web/__liferay__/index.js"
"apps/product-navigation/product-navigation-simulation-device/__liferay__/index.js";"../../frontend-js-web/__liferay__/index.js"
"apps/product-navigation/product-navigation-simulation-device/__liferay__/index.js";"../../frontend-taglib-clay/__liferay__/exports/@clayui$alert.js"
"apps/product-navigation/product-navigation-simulation-device/__liferay__/index.js";"../../frontend-taglib-clay/__liferay__/exports/@clayui$button.js"
"apps/product-navigation/product-navigation-simulation-device/__liferay__/index.js";"../../frontend-taglib-clay/__liferay__/exports/@clayui$form.js"
"apps/product-navigation/product-navigation-simulation-device/__liferay__/index.js";"../../frontend-taglib-clay/__liferay__/exports/@clayui$icon.js"
"apps/product-navigation/product-navigation-simulation-device/__liferay__/index.js";"../../frontend-taglib-clay/__liferay__/exports/@clayui$layout.js"
"apps/product-navigation/product-navigation-simulation-device/__liferay__/index.js";"import(`@liferay/language/${ Liferay.ThemeDisplay.getLanguageId() }/product-navigation-simulation-device/all.js`)"
"apps/product-navigation/product-navigation-site-administration/__liferay__/index.js";"../../frontend-js-components-web/__liferay__/index.js"
"apps/product-navigation/product-navigation-site-administration/__liferay__/index.js";"../../frontend-js-web/__liferay__/index.js"
"apps/product-navigation/product-navigation-taglib/__liferay__/index.js";"../../frontend-js-react-web/__liferay__/exports/prop-types.js"
"apps/product-navigation/product-navigation-taglib/__liferay__/index.js";"../../frontend-js-react-web/__liferay__/exports/react.js"
"apps/product-navigation/product-navigation-taglib/__liferay__/index.js";"../../frontend-js-web/__liferay__/index.js"
"apps/product-navigation/product-navigation-taglib/__liferay__/index.js";"../../frontend-taglib-clay/__liferay__/exports/@clayui$button.js"
"apps/product-navigation/product-navigation-taglib/__liferay__/index.js";"../../frontend-taglib-clay/__liferay__/exports/@clayui$drop-down.js"
"apps/product-navigation/product-navigation-taglib/__liferay__/index.js";"../../frontend-taglib-clay/__liferay__/exports/@clayui$icon.js"
"apps/product-navigation/product-navigation-taglib/__liferay__/index.js";"../../frontend-taglib-clay/__liferay__/exports/@clayui$loading-indicator.js"
"apps/product-navigation/product-navigation-taglib/__liferay__/index.js";"../../frontend-taglib-clay/__liferay__/exports/@clayui$sticker.js"
"apps/product-navigation/product-navigation-taglib/__liferay__/index.js";"import(`@liferay/language/${ Liferay.ThemeDisplay.getLanguageId() }/product-navigation-taglib/all.js`)"
"apps/product-navigation/product-navigation-user-personal-bar-web/__liferay__/index.js";"../../frontend-js-components-web/__liferay__/index.js"
"apps/product-navigation/product-navigation-user-personal-bar-web/__liferay__/index.js";"../../frontend-js-web/__liferay__/index.js"
"apps/product-navigation/product-navigation-user-personal-bar-web/__liferay__/index.js";"import(`@liferay/language/${ Liferay.ThemeDisplay.getLanguageId() }/product-navigation-user-personal-bar-web/all.js`)"
"apps/questions/questions-web/__liferay__/index.js";"../../asset-taglib/__liferay__/index.js"
"apps/questions/questions-web/__liferay__/index.js";"../../flags-taglib/__liferay__/index.js"
"apps/questions/questions-web/__liferay__/index.js";"../../frontend-editor-ckeditor-web/__liferay__/index.js"
"apps/questions/questions-web/__liferay__/index.js";"../../frontend-js-components-web/__liferay__/index.js"
"apps/questions/questions-web/__liferay__/index.js";"../../frontend-js-dependencies-web/__liferay__/exports/graphql-hooks-memcache.js"
"apps/questions/questions-web/__liferay__/index.js";"../../frontend-js-dependencies-web/__liferay__/exports/graphql-hooks.js"
"apps/questions/questions-web/__liferay__/index.js";"../../frontend-js-dependencies-web/__liferay__/exports/highlight.js$lib$core.js"
"apps/questions/questions-web/__liferay__/index.js";"../../frontend-js-dependencies-web/__liferay__/exports/highlight.js$lib$languages$java.js"
"apps/questions/questions-web/__liferay__/index.js";"../../frontend-js-dependencies-web/__liferay__/exports/highlight.js$lib$languages$javascript.js"
"apps/questions/questions-web/__liferay__/index.js";"../../frontend-js-dependencies-web/__liferay__/exports/highlight.js$lib$languages$plaintext.js"
"apps/questions/questions-web/__liferay__/index.js";"../../frontend-js-dependencies-web/__liferay__/exports/highlight.js$styles$monokai-sublime.css.js"
"apps/questions/questions-web/__liferay__/index.js";"../../frontend-js-dependencies-web/__liferay__/exports/react-helmet.js"
"apps/questions/questions-web/__liferay__/index.js";"../../frontend-js-dependencies-web/__liferay__/exports/react-router-dom.js"
"apps/questions/questions-web/__liferay__/index.js";"../../frontend-js-react-web/__liferay__/exports/classnames.js"
"apps/questions/questions-web/__liferay__/index.js";"../../frontend-js-react-web/__liferay__/exports/prop-types.js"
"apps/questions/questions-web/__liferay__/index.js";"../../frontend-js-react-web/__liferay__/exports/react.js"
"apps/questions/questions-web/__liferay__/index.js";"../../frontend-js-react-web/__liferay__/index.js"
"apps/questions/questions-web/__liferay__/index.js";"../../frontend-js-web/__liferay__/index.js"
"apps/questions/questions-web/__liferay__/index.js";"../../frontend-taglib-clay/__liferay__/exports/@clayui$alert.js"
"apps/questions/questions-web/__liferay__/index.js";"../../frontend-taglib-clay/__liferay__/exports/@clayui$button.js"
"apps/questions/questions-web/__liferay__/index.js";"../../frontend-taglib-clay/__liferay__/exports/@clayui$card.js"
"apps/questions/questions-web/__liferay__/index.js";"../../frontend-taglib-clay/__liferay__/exports/@clayui$drop-down.js"
"apps/questions/questions-web/__liferay__/index.js";"../../frontend-taglib-clay/__liferay__/exports/@clayui$empty-state.js"
"apps/questions/questions-web/__liferay__/index.js";"../../frontend-taglib-clay/__liferay__/exports/@clayui$form.js"
"apps/questions/questions-web/__liferay__/index.js";"../../frontend-taglib-clay/__liferay__/exports/@clayui$icon.js"
"apps/questions/questions-web/__liferay__/index.js";"../../frontend-taglib-clay/__liferay__/exports/@clayui$label.js"
"apps/questions/questions-web/__liferay__/index.js";"../../frontend-taglib-clay/__liferay__/exports/@clayui$link.js"
"apps/questions/questions-web/__liferay__/index.js";"../../frontend-taglib-clay/__liferay__/exports/@clayui$loading-indicator.js"
"apps/questions/questions-web/__liferay__/index.js";"../../frontend-taglib-clay/__liferay__/exports/@clayui$management-toolbar.js"
"apps/questions/questions-web/__liferay__/index.js";"../../frontend-taglib-clay/__liferay__/exports/@clayui$modal.js"
"apps/questions/questions-web/__liferay__/index.js";"../../frontend-taglib-clay/__liferay__/exports/@clayui$navigation-bar.js"
"apps/questions/questions-web/__liferay__/index.js";"../../frontend-taglib-clay/__liferay__/exports/@clayui$pagination-bar.js"
"apps/questions/questions-web/__liferay__/index.js";"../../frontend-taglib-clay/__liferay__/exports/@clayui$popover.js"
"apps/questions/questions-web/__liferay__/index.js";"../../frontend-taglib-clay/__liferay__/exports/@clayui$sticker.js"
"apps/questions/questions-web/__liferay__/index.js";"../../frontend-taglib-clay/__liferay__/exports/@clayui$tabs.js"
"apps/questions/questions-web/__liferay__/index.js";"../../frontend-taglib-clay/__liferay__/exports/@clayui$tooltip.js"
"apps/questions/questions-web/__liferay__/index.js";"../../frontend-taglib-clay/__liferay__/exports/@clayui$upper-toolbar.js"
"apps/questions/questions-web/__liferay__/index.js";"import(`@liferay/language/${ Liferay.ThemeDisplay.getLanguageId() }/questions-web/all.js`)"
"apps/ratings/ratings-taglib/__liferay__/index.js";"../../frontend-js-components-web/__liferay__/index.js"
"apps/ratings/ratings-taglib/__liferay__/index.js";"../../frontend-js-react-web/__liferay__/exports/classnames.js"
"apps/ratings/ratings-taglib/__liferay__/index.js";"../../frontend-js-react-web/__liferay__/exports/prop-types.js"
"apps/ratings/ratings-taglib/__liferay__/index.js";"../../frontend-js-react-web/__liferay__/exports/react.js"
"apps/ratings/ratings-taglib/__liferay__/index.js";"../../frontend-js-react-web/__liferay__/index.js"
"apps/ratings/ratings-taglib/__liferay__/index.js";"../../frontend-js-web/__liferay__/index.js"
"apps/ratings/ratings-taglib/__liferay__/index.js";"../../frontend-taglib-clay/__liferay__/exports/@clayui$button.js"
"apps/ratings/ratings-taglib/__liferay__/index.js";"../../frontend-taglib-clay/__liferay__/exports/@clayui$drop-down.js"
"apps/ratings/ratings-taglib/__liferay__/index.js";"../../frontend-taglib-clay/__liferay__/exports/@clayui$icon.js"
"apps/ratings/ratings-taglib/__liferay__/index.js";"../../frontend-taglib-clay/__liferay__/exports/@clayui$layout.js"
"apps/ratings/ratings-taglib/__liferay__/index.js";"import(`@liferay/language/${ Liferay.ThemeDisplay.getLanguageId() }/ratings-taglib/all.js`)"
"apps/redirect/redirect-web/__liferay__/index.js";"../../frontend-js-components-web/__liferay__/index.js"
"apps/redirect/redirect-web/__liferay__/index.js";"../../frontend-js-dependencies-web/__liferay__/exports/uuid.js"
"apps/redirect/redirect-web/__liferay__/index.js";"../../frontend-js-react-web/__liferay__/exports/prop-types.js"
"apps/redirect/redirect-web/__liferay__/index.js";"../../frontend-js-react-web/__liferay__/exports/react.js"
"apps/redirect/redirect-web/__liferay__/index.js";"../../frontend-js-web/__liferay__/index.js"
"apps/redirect/redirect-web/__liferay__/index.js";"../../frontend-taglib-clay/__liferay__/exports/@clayui$alert.js"
"apps/redirect/redirect-web/__liferay__/index.js";"../../frontend-taglib-clay/__liferay__/exports/@clayui$button.js"
"apps/redirect/redirect-web/__liferay__/index.js";"../../frontend-taglib-clay/__liferay__/exports/@clayui$form.js"
"apps/redirect/redirect-web/__liferay__/index.js";"../../frontend-taglib-clay/__liferay__/exports/@clayui$icon.js"
"apps/redirect/redirect-web/__liferay__/index.js";"../../frontend-taglib-clay/__liferay__/exports/@clayui$layout.js"
"apps/redirect/redirect-web/__liferay__/index.js";"../../frontend-taglib-clay/__liferay__/exports/@clayui$modal.js"
"apps/redirect/redirect-web/__liferay__/index.js";"import(`@liferay/language/${ Liferay.ThemeDisplay.getLanguageId() }/redirect-web/all.js`)"
"apps/roles/roles-admin-web/__liferay__/index.js";"../../frontend-js-components-web/__liferay__/index.js"
"apps/roles/roles-admin-web/__liferay__/index.js";"../../frontend-js-react-web/__liferay__/exports/react.js"
"apps/roles/roles-admin-web/__liferay__/index.js";"../../frontend-js-web/__liferay__/index.js"
"apps/roles/roles-admin-web/__liferay__/index.js";"../../frontend-taglib-clay/__liferay__/exports/@clayui$button.js"
"apps/roles/roles-admin-web/__liferay__/index.js";"../../frontend-taglib-clay/__liferay__/exports/@clayui$form.js"
"apps/roles/roles-admin-web/__liferay__/index.js";"../../frontend-taglib-clay/__liferay__/exports/@clayui$icon.js"
"apps/roles/roles-admin-web/__liferay__/index.js";"../../frontend-taglib-clay/__liferay__/exports/@clayui$label.js"
"apps/roles/roles-admin-web/__liferay__/index.js";"../../frontend-taglib-clay/__liferay__/exports/@clayui$nav.js"
"apps/roles/roles-admin-web/__liferay__/index.js";"../../frontend-taglib-clay/__liferay__/exports/@clayui$shared.js"
"apps/roles/roles-admin-web/__liferay__/index.js";"import(`@liferay/language/${ Liferay.ThemeDisplay.getLanguageId() }/roles-admin-web/all.js`)"
"apps/saved-content/saved-content-taglib/__liferay__/index.js";"../../frontend-js-components-web/__liferay__/index.js"
"apps/saved-content/saved-content-taglib/__liferay__/index.js";"../../frontend-js-react-web/__liferay__/exports/prop-types.js"
"apps/saved-content/saved-content-taglib/__liferay__/index.js";"../../frontend-js-react-web/__liferay__/exports/react.js"
"apps/saved-content/saved-content-taglib/__liferay__/index.js";"../../frontend-js-web/__liferay__/index.js"
"apps/saved-content/saved-content-taglib/__liferay__/index.js";"../../frontend-taglib-clay/__liferay__/exports/@clayui$button.js"
"apps/saved-content/saved-content-taglib/__liferay__/index.js";"import(`@liferay/language/${ Liferay.ThemeDisplay.getLanguageId() }/saved-content-taglib/all.js`)"
"apps/segments/segments-simulation-web/__liferay__/index.js";"../../frontend-js-components-web/__liferay__/index.js"
"apps/segments/segments-simulation-web/__liferay__/index.js";"../../frontend-js-react-web/__liferay__/exports/react.js"
"apps/segments/segments-simulation-web/__liferay__/index.js";"../../frontend-js-web/__liferay__/index.js"
"apps/segments/segments-simulation-web/__liferay__/index.js";"../../frontend-taglib-clay/__liferay__/exports/@clayui$alert.js"
"apps/segments/segments-simulation-web/__liferay__/index.js";"../../frontend-taglib-clay/__liferay__/exports/@clayui$core.js"
"apps/segments/segments-simulation-web/__liferay__/index.js";"../../frontend-taglib-clay/__liferay__/exports/@clayui$form.js"
"apps/segments/segments-simulation-web/__liferay__/index.js";"../../frontend-taglib-clay/__liferay__/exports/@clayui$link.js"
"apps/segments/segments-simulation-web/__liferay__/index.js";"../../layout-js-components-web/__liferay__/index.js"
"apps/segments/segments-simulation-web/__liferay__/index.js";"import(`@liferay/language/${ Liferay.ThemeDisplay.getLanguageId() }/segments-simulation-web/all.js`)"
"apps/segments/segments-web/__liferay__/index.js";"../../frontend-js-components-web/__liferay__/index.js"
"apps/segments/segments-web/__liferay__/index.js";"../../frontend-js-react-web/__liferay__/exports/classnames.js"
"apps/segments/segments-web/__liferay__/index.js";"../../frontend-js-react-web/__liferay__/exports/formik.js"
"apps/segments/segments-web/__liferay__/index.js";"../../frontend-js-react-web/__liferay__/exports/prop-types.js"
"apps/segments/segments-web/__liferay__/index.js";"../../frontend-js-react-web/__liferay__/exports/react-dnd-html5-backend.js"
"apps/segments/segments-web/__liferay__/index.js";"../../frontend-js-react-web/__liferay__/exports/react-dnd.js"
"apps/segments/segments-web/__liferay__/index.js";"../../frontend-js-react-web/__liferay__/exports/react.js"
"apps/segments/segments-web/__liferay__/index.js";"../../frontend-js-react-web/__liferay__/index.js"
"apps/segments/segments-web/__liferay__/index.js";"../../frontend-js-web/__liferay__/index.js"
"apps/segments/segments-web/__liferay__/index.js";"../../frontend-taglib-clay/__liferay__/exports/@clayui$alert.js"
"apps/segments/segments-web/__liferay__/index.js";"../../frontend-taglib-clay/__liferay__/exports/@clayui$badge.js"
"apps/segments/segments-web/__liferay__/index.js";"../../frontend-taglib-clay/__liferay__/exports/@clayui$button.js"
"apps/segments/segments-web/__liferay__/index.js";"../../frontend-taglib-clay/__liferay__/exports/@clayui$date-picker.js"
"apps/segments/segments-web/__liferay__/index.js";"../../frontend-taglib-clay/__liferay__/exports/@clayui$drop-down.js"
"apps/segments/segments-web/__liferay__/index.js";"../../frontend-taglib-clay/__liferay__/exports/@clayui$empty-state.js"
"apps/segments/segments-web/__liferay__/index.js";"../../frontend-taglib-clay/__liferay__/exports/@clayui$form.js"
"apps/segments/segments-web/__liferay__/index.js";"../../frontend-taglib-clay/__liferay__/exports/@clayui$icon.js"
"apps/segments/segments-web/__liferay__/index.js";"../../frontend-taglib-clay/__liferay__/exports/@clayui$layout.js"
"apps/segments/segments-web/__liferay__/index.js";"../../frontend-taglib-clay/__liferay__/exports/@clayui$link.js"
"apps/segments/segments-web/__liferay__/index.js";"../../frontend-taglib-clay/__liferay__/exports/@clayui$loading-indicator.js"
"apps/segments/segments-web/__liferay__/index.js";"../../frontend-taglib-clay/__liferay__/exports/@clayui$localized-input.js"
"apps/segments/segments-web/__liferay__/index.js";"../../frontend-taglib-clay/__liferay__/exports/@clayui$panel.js"
"apps/segments/segments-web/__liferay__/index.js";"../../layout-js-components-web/__liferay__/index.js"
"apps/segments/segments-web/__liferay__/index.js";"import(`@liferay/language/${ Liferay.ThemeDisplay.getLanguageId() }/segments-web/all.js`)"
"apps/server/server-admin-web/__liferay__/index.js";"../../frontend-js-web/__liferay__/index.js"
"apps/sharing/sharing-taglib/__liferay__/index.js";"../../frontend-js-react-web/__liferay__/exports/classnames.js"
"apps/sharing/sharing-taglib/__liferay__/index.js";"../../frontend-js-react-web/__liferay__/exports/prop-types.js"
"apps/sharing/sharing-taglib/__liferay__/index.js";"../../frontend-js-react-web/__liferay__/exports/react.js"
"apps/sharing/sharing-taglib/__liferay__/index.js";"../../frontend-js-web/__liferay__/index.js"
"apps/sharing/sharing-taglib/__liferay__/index.js";"../../frontend-taglib-clay/__liferay__/exports/@clayui$button.js"
"apps/sharing/sharing-taglib/__liferay__/index.js";"../../frontend-taglib-clay/__liferay__/exports/@clayui$icon.js"
"apps/sharing/sharing-taglib/__liferay__/index.js";"../../frontend-taglib-clay/__liferay__/exports/@clayui$layout.js"
"apps/sharing/sharing-taglib/__liferay__/index.js";"../../frontend-taglib-clay/__liferay__/exports/@clayui$sticker.js"
"apps/sharing/sharing-taglib/__liferay__/index.js";"import(`@liferay/language/${ Liferay.ThemeDisplay.getLanguageId() }/sharing-taglib/all.js`)"
"apps/sharing/sharing-web/__liferay__/index.js";"../../frontend-js-components-web/__liferay__/index.js"
"apps/sharing/sharing-web/__liferay__/index.js";"../../frontend-js-react-web/__liferay__/exports/classnames.js"
"apps/sharing/sharing-web/__liferay__/index.js";"../../frontend-js-react-web/__liferay__/exports/prop-types.js"
"apps/sharing/sharing-web/__liferay__/index.js";"../../frontend-js-react-web/__liferay__/exports/react.js"
"apps/sharing/sharing-web/__liferay__/index.js";"../../frontend-js-react-web/__liferay__/index.js"
"apps/sharing/sharing-web/__liferay__/index.js";"../../frontend-js-web/__liferay__/index.js"
"apps/sharing/sharing-web/__liferay__/index.js";"../../frontend-taglib-clay/__liferay__/exports/@clayui$alert.js"
"apps/sharing/sharing-web/__liferay__/index.js";"../../frontend-taglib-clay/__liferay__/exports/@clayui$button.js"
"apps/sharing/sharing-web/__liferay__/index.js";"../../frontend-taglib-clay/__liferay__/exports/@clayui$data-provider.js"
"apps/sharing/sharing-web/__liferay__/index.js";"../../frontend-taglib-clay/__liferay__/exports/@clayui$form.js"
"apps/sharing/sharing-web/__liferay__/index.js";"../../frontend-taglib-clay/__liferay__/exports/@clayui$icon.js"
"apps/sharing/sharing-web/__liferay__/index.js";"../../frontend-taglib-clay/__liferay__/exports/@clayui$layout.js"
"apps/sharing/sharing-web/__liferay__/index.js";"../../frontend-taglib-clay/__liferay__/exports/@clayui$loading-indicator.js"
"apps/sharing/sharing-web/__liferay__/index.js";"../../frontend-taglib-clay/__liferay__/exports/@clayui$modal.js"
"apps/sharing/sharing-web/__liferay__/index.js";"../../frontend-taglib-clay/__liferay__/exports/@clayui$multi-select.js"
"apps/sharing/sharing-web/__liferay__/index.js";"../../frontend-taglib-clay/__liferay__/exports/@clayui$sticker.js"
"apps/sharing/sharing-web/__liferay__/index.js";"import(`@liferay/language/${ Liferay.ThemeDisplay.getLanguageId() }/sharing-web/all.js`)"
"apps/site-navigation/site-navigation-admin-web/__liferay__/index.js";"../../frontend-js-components-web/__liferay__/index.js"
"apps/site-navigation/site-navigation-admin-web/__liferay__/index.js";"../../frontend-js-react-web/__liferay__/exports/classnames.js"
"apps/site-navigation/site-navigation-admin-web/__liferay__/index.js";"../../frontend-js-react-web/__liferay__/exports/prop-types.js"
"apps/site-navigation/site-navigation-admin-web/__liferay__/index.js";"../../frontend-js-react-web/__liferay__/exports/react-dnd-html5-backend.js"
"apps/site-navigation/site-navigation-admin-web/__liferay__/index.js";"../../frontend-js-react-web/__liferay__/exports/react-dnd.js"
"apps/site-navigation/site-navigation-admin-web/__liferay__/index.js";"../../frontend-js-react-web/__liferay__/exports/react-dom.js"
"apps/site-navigation/site-navigation-admin-web/__liferay__/index.js";"../../frontend-js-react-web/__liferay__/exports/react.js"
"apps/site-navigation/site-navigation-admin-web/__liferay__/index.js";"../../frontend-js-react-web/__liferay__/index.js"
"apps/site-navigation/site-navigation-admin-web/__liferay__/index.js";"../../frontend-js-web/__liferay__/index.js"
"apps/site-navigation/site-navigation-admin-web/__liferay__/index.js";"../../frontend-taglib-clay/__liferay__/exports/@clayui$button.js"
"apps/site-navigation/site-navigation-admin-web/__liferay__/index.js";"../../frontend-taglib-clay/__liferay__/exports/@clayui$card.js"
"apps/site-navigation/site-navigation-admin-web/__liferay__/index.js";"../../frontend-taglib-clay/__liferay__/exports/@clayui$drop-down.js"
"apps/site-navigation/site-navigation-admin-web/__liferay__/index.js";"../../frontend-taglib-clay/__liferay__/exports/@clayui$empty-state.js"
"apps/site-navigation/site-navigation-admin-web/__liferay__/index.js";"../../frontend-taglib-clay/__liferay__/exports/@clayui$form.js"
"apps/site-navigation/site-navigation-admin-web/__liferay__/index.js";"../../frontend-taglib-clay/__liferay__/exports/@clayui$icon.js"
"apps/site-navigation/site-navigation-admin-web/__liferay__/index.js";"../../frontend-taglib-clay/__liferay__/exports/@clayui$label.js"
"apps/site-navigation/site-navigation-admin-web/__liferay__/index.js";"../../frontend-taglib-clay/__liferay__/exports/@clayui$layout.js"
"apps/site-navigation/site-navigation-admin-web/__liferay__/index.js";"../../frontend-taglib-clay/__liferay__/exports/@clayui$loading-indicator.js"
"apps/site-navigation/site-navigation-admin-web/__liferay__/index.js";"../../frontend-taglib-clay/__liferay__/exports/@clayui$modal.js"
"apps/site-navigation/site-navigation-admin-web/__liferay__/index.js";"../../layout-js-components-web/__liferay__/index.js"
"apps/site-navigation/site-navigation-admin-web/__liferay__/index.js";"import(`@liferay/language/${ Liferay.ThemeDisplay.getLanguageId() }/site-navigation-admin-web/all.js`)"
"apps/site-navigation/site-navigation-item-selector-web/__liferay__/index.js";"../../frontend-js-react-web/__liferay__/exports/react.js"
"apps/site-navigation/site-navigation-item-selector-web/__liferay__/index.js";"../../frontend-js-web/__liferay__/index.js"
"apps/site-navigation/site-navigation-item-selector-web/__liferay__/index.js";"../../frontend-taglib-clay/__liferay__/exports/@clayui$core.js"
"apps/site-navigation/site-navigation-item-selector-web/__liferay__/index.js";"../../frontend-taglib-clay/__liferay__/exports/@clayui$empty-state.js"
"apps/site-navigation/site-navigation-item-selector-web/__liferay__/index.js";"../../frontend-taglib-clay/__liferay__/exports/@clayui$form.js"
"apps/site-navigation/site-navigation-item-selector-web/__liferay__/index.js";"../../frontend-taglib-clay/__liferay__/exports/@clayui$icon.js"
"apps/site-navigation/site-navigation-item-selector-web/__liferay__/index.js";"../../frontend-taglib-clay/__liferay__/exports/@clayui$layout.js"
"apps/site-navigation/site-navigation-item-selector-web/__liferay__/index.js";"import(`@liferay/language/${ Liferay.ThemeDisplay.getLanguageId() }/site-navigation-item-selector-web/all.js`)"
"apps/site-navigation/site-navigation-menu-item-asset-vocabulary/__liferay__/index.js";"../../frontend-js-components-web/__liferay__/index.js"
"apps/site-navigation/site-navigation-menu-item-asset-vocabulary/__liferay__/index.js";"../../frontend-js-react-web/__liferay__/exports/classnames.js"
"apps/site-navigation/site-navigation-menu-item-asset-vocabulary/__liferay__/index.js";"../../frontend-js-react-web/__liferay__/exports/prop-types.js"
"apps/site-navigation/site-navigation-menu-item-asset-vocabulary/__liferay__/index.js";"../../frontend-js-react-web/__liferay__/exports/react.js"
"apps/site-navigation/site-navigation-menu-item-asset-vocabulary/__liferay__/index.js";"../../frontend-js-web/__liferay__/index.js"
"apps/site-navigation/site-navigation-menu-item-asset-vocabulary/__liferay__/index.js";"../../frontend-taglib-clay/__liferay__/exports/@clayui$alert.js"
"apps/site-navigation/site-navigation-menu-item-asset-vocabulary/__liferay__/index.js";"../../frontend-taglib-clay/__liferay__/exports/@clayui$button.js"
"apps/site-navigation/site-navigation-menu-item-asset-vocabulary/__liferay__/index.js";"../../frontend-taglib-clay/__liferay__/exports/@clayui$form.js"
"apps/site-navigation/site-navigation-menu-item-asset-vocabulary/__liferay__/index.js";"../../frontend-taglib-clay/__liferay__/exports/@clayui$icon.js"
"apps/site-navigation/site-navigation-menu-item-asset-vocabulary/__liferay__/index.js";"../../frontend-taglib-clay/__liferay__/exports/@clayui$label.js"
"apps/site-navigation/site-navigation-menu-item-asset-vocabulary/__liferay__/index.js";"import(`@liferay/language/${ Liferay.ThemeDisplay.getLanguageId() }/site-navigation-menu-item-asset-vocabulary/all.js`)"
"apps/site-navigation/site-navigation-menu-item-display-page/__liferay__/index.js";"../../frontend-js-components-web/__liferay__/index.js"
"apps/site-navigation/site-navigation-menu-item-display-page/__liferay__/index.js";"../../frontend-js-react-web/__liferay__/exports/classnames.js"
"apps/site-navigation/site-navigation-menu-item-display-page/__liferay__/index.js";"../../frontend-js-react-web/__liferay__/exports/prop-types.js"
"apps/site-navigation/site-navigation-menu-item-display-page/__liferay__/index.js";"../../frontend-js-react-web/__liferay__/exports/react.js"
"apps/site-navigation/site-navigation-menu-item-display-page/__liferay__/index.js";"../../frontend-js-web/__liferay__/index.js"
"apps/site-navigation/site-navigation-menu-item-display-page/__liferay__/index.js";"../../frontend-taglib-clay/__liferay__/exports/@clayui$alert.js"
"apps/site-navigation/site-navigation-menu-item-display-page/__liferay__/index.js";"../../frontend-taglib-clay/__liferay__/exports/@clayui$button.js"
"apps/site-navigation/site-navigation-menu-item-display-page/__liferay__/index.js";"../../frontend-taglib-clay/__liferay__/exports/@clayui$form.js"
"apps/site-navigation/site-navigation-menu-item-display-page/__liferay__/index.js";"../../frontend-taglib-clay/__liferay__/exports/@clayui$icon.js"
"apps/site-navigation/site-navigation-menu-item-display-page/__liferay__/index.js";"../../frontend-taglib-clay/__liferay__/exports/@clayui$label.js"
"apps/site-navigation/site-navigation-menu-item-display-page/__liferay__/index.js";"import(`@liferay/language/${ Liferay.ThemeDisplay.getLanguageId() }/site-navigation-menu-item-display-page/all.js`)"
"apps/site-navigation/site-navigation-menu-item-layout/__liferay__/index.js";"../../frontend-js-components-web/__liferay__/index.js"
"apps/site-navigation/site-navigation-menu-item-layout/__liferay__/index.js";"../../frontend-js-web/__liferay__/index.js"
"apps/site-navigation/site-navigation-menu-item-layout/__liferay__/index.js";"import(`@liferay/language/${ Liferay.ThemeDisplay.getLanguageId() }/site-navigation-menu-item-layout/all.js`)"
"apps/site-navigation/site-navigation-menu-web/__liferay__/index.js";"../../frontend-js-components-web/__liferay__/index.js"
"apps/site-navigation/site-navigation-menu-web/__liferay__/index.js";"../../frontend-js-web/__liferay__/index.js"
"apps/site-navigation/site-navigation-menu-web/__liferay__/index.js";"import(`@liferay/language/${ Liferay.ThemeDisplay.getLanguageId() }/site-navigation-menu-web/all.js`)"
"apps/site-navigation/site-navigation-taglib/__liferay__/index.js";"../../frontend-js-react-web/__liferay__/exports/react.js"
"apps/site-navigation/site-navigation-taglib/__liferay__/index.js";"../../frontend-taglib-clay/__liferay__/exports/@clayui$core.js"
"apps/site/site-admin-web/__liferay__/index.js";"../../frontend-js-components-web/__liferay__/index.js"
"apps/site/site-admin-web/__liferay__/index.js";"../../frontend-js-react-web/__liferay__/exports/prop-types.js"
"apps/site/site-admin-web/__liferay__/index.js";"../../frontend-js-react-web/__liferay__/exports/react.js"
"apps/site/site-admin-web/__liferay__/index.js";"../../frontend-js-web/__liferay__/index.js"
"apps/site/site-admin-web/__liferay__/index.js";"../../frontend-taglib-clay/__liferay__/exports/@clayui$alert.js"
"apps/site/site-admin-web/__liferay__/index.js";"../../frontend-taglib-clay/__liferay__/exports/@clayui$form.js"
"apps/site/site-admin-web/__liferay__/index.js";"import(`@liferay/language/${ Liferay.ThemeDisplay.getLanguageId() }/site-admin-web/all.js`)"
"apps/site/site-cms-site-initializer/__liferay__/index.js";"../../frontend-data-set-web/__liferay__/index.js"
"apps/site/site-cms-site-initializer/__liferay__/index.js";"../../frontend-js-components-web/__liferay__/index.js"
"apps/site/site-cms-site-initializer/__liferay__/index.js";"../../frontend-js-dependencies-web/__liferay__/exports/react-dropzone.js"
"apps/site/site-cms-site-initializer/__liferay__/index.js";"../../frontend-js-dependencies-web/__liferay__/exports/uuid.js"
"apps/site/site-cms-site-initializer/__liferay__/index.js";"../../frontend-js-react-web/__liferay__/exports/classnames.js"
"apps/site/site-cms-site-initializer/__liferay__/index.js";"../../frontend-js-react-web/__liferay__/exports/formik.js"
"apps/site/site-cms-site-initializer/__liferay__/index.js";"../../frontend-js-react-web/__liferay__/exports/react.js"
"apps/site/site-cms-site-initializer/__liferay__/index.js";"../../frontend-js-react-web/__liferay__/index.js"
"apps/site/site-cms-site-initializer/__liferay__/index.js";"../../frontend-js-web/__liferay__/index.js"
"apps/site/site-cms-site-initializer/__liferay__/index.js";"../../frontend-taglib-clay/__liferay__/exports/@clayui$alert.js"
"apps/site/site-cms-site-initializer/__liferay__/index.js";"../../frontend-taglib-clay/__liferay__/exports/@clayui$autocomplete.js"
"apps/site/site-cms-site-initializer/__liferay__/index.js";"../../frontend-taglib-clay/__liferay__/exports/@clayui$breadcrumb.js"
"apps/site/site-cms-site-initializer/__liferay__/index.js";"../../frontend-taglib-clay/__liferay__/exports/@clayui$button.js"
"apps/site/site-cms-site-initializer/__liferay__/index.js";"../../frontend-taglib-clay/__liferay__/exports/@clayui$core.js"
"apps/site/site-cms-site-initializer/__liferay__/index.js";"../../frontend-taglib-clay/__liferay__/exports/@clayui$data-provider.js"
"apps/site/site-cms-site-initializer/__liferay__/index.js";"../../frontend-taglib-clay/__liferay__/exports/@clayui$date-picker.js"
"apps/site/site-cms-site-initializer/__liferay__/index.js";"../../frontend-taglib-clay/__liferay__/exports/@clayui$drop-down.js"
"apps/site/site-cms-site-initializer/__liferay__/index.js";"../../frontend-taglib-clay/__liferay__/exports/@clayui$empty-state.js"
"apps/site/site-cms-site-initializer/__liferay__/index.js";"../../frontend-taglib-clay/__liferay__/exports/@clayui$form.js"
"apps/site/site-cms-site-initializer/__liferay__/index.js";"../../frontend-taglib-clay/__liferay__/exports/@clayui$icon.js"
"apps/site/site-cms-site-initializer/__liferay__/index.js";"../../frontend-taglib-clay/__liferay__/exports/@clayui$label.js"
"apps/site/site-cms-site-initializer/__liferay__/index.js";"../../frontend-taglib-clay/__liferay__/exports/@clayui$layout.js"
"apps/site/site-cms-site-initializer/__liferay__/index.js";"../../frontend-taglib-clay/__liferay__/exports/@clayui$link.js"
"apps/site/site-cms-site-initializer/__liferay__/index.js";"../../frontend-taglib-clay/__liferay__/exports/@clayui$loading-indicator.js"
"apps/site/site-cms-site-initializer/__liferay__/index.js";"../../frontend-taglib-clay/__liferay__/exports/@clayui$modal.js"
"apps/site/site-cms-site-initializer/__liferay__/index.js";"../../frontend-taglib-clay/__liferay__/exports/@clayui$multi-select.js"
"apps/site/site-cms-site-initializer/__liferay__/index.js";"../../frontend-taglib-clay/__liferay__/exports/@clayui$nav.js"
"apps/site/site-cms-site-initializer/__liferay__/index.js";"../../frontend-taglib-clay/__liferay__/exports/@clayui$navigation-bar.js"
"apps/site/site-cms-site-initializer/__liferay__/index.js";"../../frontend-taglib-clay/__liferay__/exports/@clayui$pagination-bar.js"
"apps/site/site-cms-site-initializer/__liferay__/index.js";"../../frontend-taglib-clay/__liferay__/exports/@clayui$panel.js"
"apps/site/site-cms-site-initializer/__liferay__/index.js";"../../frontend-taglib-clay/__liferay__/exports/@clayui$sticker.js"
"apps/site/site-cms-site-initializer/__liferay__/index.js";"../../frontend-taglib-clay/__liferay__/exports/@clayui$table.js"
"apps/site/site-cms-site-initializer/__liferay__/index.js";"../../frontend-taglib-clay/__liferay__/exports/@clayui$tabs.js"
"apps/site/site-cms-site-initializer/__liferay__/index.js";"../../frontend-taglib-clay/__liferay__/exports/@clayui$toolbar.js"
"apps/site/site-cms-site-initializer/__liferay__/index.js";"../../frontend-taglib-clay/__liferay__/exports/@clayui$tooltip.js"
"apps/site/site-cms-site-initializer/__liferay__/index.js";"../../layout-js-components-web/__liferay__/index.js"
"apps/site/site-cms-site-initializer/__liferay__/index.js";"../../site-cms-site-initializer/__liferay__/index.js"
"apps/site/site-cms-site-initializer/__liferay__/index.js";"import(`@liferay/language/${ Liferay.ThemeDisplay.getLanguageId() }/site-cms-site-initializer/all.js`)"
"apps/site/site-memberships-web/__liferay__/index.js";"../../frontend-js-components-web/__liferay__/index.js"
"apps/site/site-memberships-web/__liferay__/index.js";"../../frontend-js-web/__liferay__/index.js"
"apps/site/site-memberships-web/__liferay__/index.js";"import(`@liferay/language/${ Liferay.ThemeDisplay.getLanguageId() }/site-memberships-web/all.js`)"
"apps/site/site-sitemap-web/__liferay__/index.js";"../../frontend-js-components-web/__liferay__/index.js"
"apps/site/site-sitemap-web/__liferay__/index.js";"../../frontend-js-web/__liferay__/index.js"
"apps/site/site-sitemap-web/__liferay__/index.js";"import(`@liferay/language/${ Liferay.ThemeDisplay.getLanguageId() }/site-sitemap-web/all.js`)"
"apps/site/site-teams-web/__liferay__/index.js";"../../frontend-js-components-web/__liferay__/index.js"
"apps/site/site-teams-web/__liferay__/index.js";"import(`@liferay/language/${ Liferay.ThemeDisplay.getLanguageId() }/site-teams-web/all.js`)"
"apps/staging/staging-bar-web/__liferay__/index.js";"../../frontend-js-components-web/__liferay__/index.js"
"apps/staging/staging-bar-web/__liferay__/index.js";"../../frontend-js-web/__liferay__/index.js"
"apps/staging/staging-bar-web/__liferay__/index.js";"import(`@liferay/language/${ Liferay.ThemeDisplay.getLanguageId() }/staging-bar-web/all.js`)"
"apps/staging/staging-processes-web/__liferay__/index.js";"../../frontend-js-components-web/__liferay__/index.js"
"apps/staging/staging-processes-web/__liferay__/index.js";"../../frontend-js-web/__liferay__/index.js"
"apps/staging/staging-processes-web/__liferay__/index.js";"import(`@liferay/language/${ Liferay.ThemeDisplay.getLanguageId() }/staging-processes-web/all.js`)"
"apps/staging/staging-taglib/__liferay__/index.js";"../../frontend-js-components-web/__liferay__/index.js"
"apps/staging/staging-taglib/__liferay__/index.js";"../../frontend-js-react-web/__liferay__/exports/classnames.js"
"apps/staging/staging-taglib/__liferay__/index.js";"../../frontend-js-react-web/__liferay__/exports/prop-types.js"
"apps/staging/staging-taglib/__liferay__/index.js";"../../frontend-js-react-web/__liferay__/exports/react.js"
"apps/staging/staging-taglib/__liferay__/index.js";"../../frontend-js-web/__liferay__/index.js"
"apps/staging/staging-taglib/__liferay__/index.js";"../../frontend-taglib-clay/__liferay__/exports/@clayui$button.js"
"apps/staging/staging-taglib/__liferay__/index.js";"../../frontend-taglib-clay/__liferay__/exports/@clayui$core.js"
"apps/staging/staging-taglib/__liferay__/index.js";"../../frontend-taglib-clay/__liferay__/exports/@clayui$form.js"
"apps/staging/staging-taglib/__liferay__/index.js";"../../frontend-taglib-clay/__liferay__/exports/@clayui$icon.js"
"apps/staging/staging-taglib/__liferay__/index.js";"import(`@liferay/language/${ Liferay.ThemeDisplay.getLanguageId() }/staging-taglib/all.js`)"
"apps/style-book/style-book-web/__liferay__/index.js";"../../frontend-js-components-web/__liferay__/index.js"
"apps/style-book/style-book-web/__liferay__/index.js";"../../frontend-js-react-web/__liferay__/exports/classnames.js"
"apps/style-book/style-book-web/__liferay__/index.js";"../../frontend-js-react-web/__liferay__/exports/prop-types.js"
"apps/style-book/style-book-web/__liferay__/index.js";"../../frontend-js-react-web/__liferay__/exports/react.js"
"apps/style-book/style-book-web/__liferay__/index.js";"../../frontend-js-react-web/__liferay__/index.js"
"apps/style-book/style-book-web/__liferay__/index.js";"../../frontend-js-web/__liferay__/index.js"
"apps/style-book/style-book-web/__liferay__/index.js";"../../frontend-taglib-clay/__liferay__/exports/@clayui$alert.js"
"apps/style-book/style-book-web/__liferay__/index.js";"../../frontend-taglib-clay/__liferay__/exports/@clayui$button.js"
"apps/style-book/style-book-web/__liferay__/index.js";"../../frontend-taglib-clay/__liferay__/exports/@clayui$core.js"
"apps/style-book/style-book-web/__liferay__/index.js";"../../frontend-taglib-clay/__liferay__/exports/@clayui$drop-down.js"
"apps/style-book/style-book-web/__liferay__/index.js";"../../frontend-taglib-clay/__liferay__/exports/@clayui$empty-state.js"
"apps/style-book/style-book-web/__liferay__/index.js";"../../frontend-taglib-clay/__liferay__/exports/@clayui$form.js"
"apps/style-book/style-book-web/__liferay__/index.js";"../../frontend-taglib-clay/__liferay__/exports/@clayui$icon.js"
"apps/style-book/style-book-web/__liferay__/index.js";"../../frontend-taglib-clay/__liferay__/exports/@clayui$layout.js"
"apps/style-book/style-book-web/__liferay__/index.js";"../../frontend-taglib-clay/__liferay__/exports/@clayui$loading-indicator.js"
"apps/style-book/style-book-web/__liferay__/index.js";"../../frontend-taglib-clay/__liferay__/exports/@clayui$modal.js"
"apps/style-book/style-book-web/__liferay__/index.js";"../../frontend-taglib-clay/__liferay__/exports/@clayui$panel.js"
"apps/style-book/style-book-web/__liferay__/index.js";"../../frontend-taglib-clay/__liferay__/exports/@clayui$popover.js"
"apps/style-book/style-book-web/__liferay__/index.js";"../../layout-js-components-web/__liferay__/index.js"
"apps/style-book/style-book-web/__liferay__/index.js";"import(`@liferay/language/${ Liferay.ThemeDisplay.getLanguageId() }/style-book-web/all.js`)"
"apps/template/template-taglib/__liferay__/index.js";"../../frontend-js-react-web/__liferay__/exports/react.js"
"apps/template/template-taglib/__liferay__/index.js";"../../frontend-taglib-clay/__liferay__/exports/@clayui$core.js"
"apps/template/template-taglib/__liferay__/index.js";"../../frontend-taglib-clay/__liferay__/exports/@clayui$drop-down.js"
"apps/template/template-taglib/__liferay__/index.js";"../../frontend-taglib-clay/__liferay__/exports/@clayui$form.js"
"apps/template/template-taglib/__liferay__/index.js";"import(`@liferay/language/${ Liferay.ThemeDisplay.getLanguageId() }/template-taglib/all.js`)"
"apps/template/template-web/__liferay__/index.js";"../../frontend-js-codemirror-web/__liferay__/index.js"
"apps/template/template-web/__liferay__/index.js";"../../frontend-js-components-web/__liferay__/index.js"
"apps/template/template-web/__liferay__/index.js";"../../frontend-js-react-web/__liferay__/exports/classnames.js"
"apps/template/template-web/__liferay__/index.js";"../../frontend-js-react-web/__liferay__/exports/prop-types.js"
"apps/template/template-web/__liferay__/index.js";"../../frontend-js-react-web/__liferay__/exports/react.js"
"apps/template/template-web/__liferay__/index.js";"../../frontend-js-react-web/__liferay__/index.js"
"apps/template/template-web/__liferay__/index.js";"../../frontend-js-web/__liferay__/index.js"
"apps/template/template-web/__liferay__/index.js";"../../frontend-taglib-clay/__liferay__/exports/@clayui$alert.js"
"apps/template/template-web/__liferay__/index.js";"../../frontend-taglib-clay/__liferay__/exports/@clayui$button.js"
"apps/template/template-web/__liferay__/index.js";"../../frontend-taglib-clay/__liferay__/exports/@clayui$empty-state.js"
"apps/template/template-web/__liferay__/index.js";"../../frontend-taglib-clay/__liferay__/exports/@clayui$form.js"
"apps/template/template-web/__liferay__/index.js";"../../frontend-taglib-clay/__liferay__/exports/@clayui$icon.js"
"apps/template/template-web/__liferay__/index.js";"../../frontend-taglib-clay/__liferay__/exports/@clayui$loading-indicator.js"
"apps/template/template-web/__liferay__/index.js";"../../frontend-taglib-clay/__liferay__/exports/@clayui$modal.js"
"apps/template/template-web/__liferay__/index.js";"../../frontend-taglib-clay/__liferay__/exports/@clayui$panel.js"
"apps/template/template-web/__liferay__/index.js";"../../frontend-taglib-clay/__liferay__/exports/@clayui$popover.js"
"apps/template/template-web/__liferay__/index.js";"import(`@liferay/language/${ Liferay.ThemeDisplay.getLanguageId() }/template-web/all.js`)"
"apps/translation/translation-web/__liferay__/index.js";"../../frontend-editor-ckeditor-web/__liferay__/index.js"
"apps/translation/translation-web/__liferay__/index.js";"../../frontend-js-components-web/__liferay__/index.js"
"apps/translation/translation-web/__liferay__/index.js";"../../frontend-js-react-web/__liferay__/exports/classnames.js"
"apps/translation/translation-web/__liferay__/index.js";"../../frontend-js-react-web/__liferay__/exports/prop-types.js"
"apps/translation/translation-web/__liferay__/index.js";"../../frontend-js-react-web/__liferay__/exports/react.js"
"apps/translation/translation-web/__liferay__/index.js";"../../frontend-js-react-web/__liferay__/index.js"
"apps/translation/translation-web/__liferay__/index.js";"../../frontend-js-web/__liferay__/index.js"
"apps/translation/translation-web/__liferay__/index.js";"../../frontend-taglib-clay/__liferay__/exports/@clayui$alert.js"
"apps/translation/translation-web/__liferay__/index.js";"../../frontend-taglib-clay/__liferay__/exports/@clayui$button.js"
"apps/translation/translation-web/__liferay__/index.js";"../../frontend-taglib-clay/__liferay__/exports/@clayui$drop-down.js"
"apps/translation/translation-web/__liferay__/index.js";"../../frontend-taglib-clay/__liferay__/exports/@clayui$form.js"
"apps/translation/translation-web/__liferay__/index.js";"../../frontend-taglib-clay/__liferay__/exports/@clayui$icon.js"
"apps/translation/translation-web/__liferay__/index.js";"../../frontend-taglib-clay/__liferay__/exports/@clayui$layout.js"
"apps/translation/translation-web/__liferay__/index.js";"../../frontend-taglib-clay/__liferay__/exports/@clayui$link.js"
"apps/translation/translation-web/__liferay__/index.js";"../../frontend-taglib-clay/__liferay__/exports/@clayui$list.js"
"apps/translation/translation-web/__liferay__/index.js";"../../frontend-taglib-clay/__liferay__/exports/@clayui$loading-indicator.js"
"apps/translation/translation-web/__liferay__/index.js";"../../frontend-taglib-clay/__liferay__/exports/@clayui$panel.js"
"apps/translation/translation-web/__liferay__/index.js";"../../frontend-taglib-clay/__liferay__/exports/@clayui$toolbar.js"
"apps/translation/translation-web/__liferay__/index.js";"import(`@liferay/language/${ Liferay.ThemeDisplay.getLanguageId() }/translation-web/all.js`)"
"apps/trash/trash-taglib/__liferay__/index.js";"../../frontend-js-components-web/__liferay__/index.js"
"apps/trash/trash-web/__liferay__/index.js";"../../frontend-js-components-web/__liferay__/index.js"
"apps/trash/trash-web/__liferay__/index.js";"import(`@liferay/language/${ Liferay.ThemeDisplay.getLanguageId() }/trash-web/all.js`)"
"apps/user-associated-data/user-associated-data-web/__liferay__/index.js";"../../frontend-js-web/__liferay__/index.js"
"apps/user-groups-admin/user-groups-admin-web/__liferay__/index.js";"../../frontend-js-components-web/__liferay__/index.js"
"apps/user-groups-admin/user-groups-admin-web/__liferay__/index.js";"../../frontend-js-web/__liferay__/index.js"
"apps/user-groups-admin/user-groups-admin-web/__liferay__/index.js";"import(`@liferay/language/${ Liferay.ThemeDisplay.getLanguageId() }/user-groups-admin-web/all.js`)"
"apps/users-admin/users-admin-web/__liferay__/index.js";"../../address-web/__liferay__/index.js"
"apps/users-admin/users-admin-web/__liferay__/index.js";"../../frontend-js-components-web/__liferay__/index.js"
"apps/users-admin/users-admin-web/__liferay__/index.js";"../../frontend-js-react-web/__liferay__/exports/react.js"
"apps/users-admin/users-admin-web/__liferay__/index.js";"../../frontend-js-web/__liferay__/index.js"
"apps/users-admin/users-admin-web/__liferay__/index.js";"../../frontend-taglib-clay/__liferay__/exports/@clayui$button.js"
"apps/users-admin/users-admin-web/__liferay__/index.js";"../../frontend-taglib-clay/__liferay__/exports/@clayui$form.js"
"apps/users-admin/users-admin-web/__liferay__/index.js";"import(`@liferay/language/${ Liferay.ThemeDisplay.getLanguageId() }/users-admin-web/all.js`)"
"apps/wiki/wiki-web/__liferay__/index.js";"../../frontend-js-components-web/__liferay__/index.js"
"apps/wiki/wiki-web/__liferay__/index.js";"../../frontend-js-web/__liferay__/index.js"
"apps/wiki/wiki-web/__liferay__/index.js";"import(`@liferay/language/${ Liferay.ThemeDisplay.getLanguageId() }/wiki-web/all.js`)"